            x          y class
0    0.000000   0.938544   foo
1    0.101010  -0.139015   bar
2    0.202020   1.472451   foo
3    0.303030  -0.997021   bar
4    0.404040   0.111549   bar
5    0.505051   1.009522   foo
6    0.606061   0.712766   foo
7    0.707071  -0.383319   bar
8    0.808081   0.282718   bar
9    0.909091  -0.020648   bar
10   1.010101   1.093629   foo
11   1.111111   0.506404   bar
12   1.212121   1.348087   foo
13   1.313131   1.110238   bar
14   1.414141   1.764410   foo
15   1.515152   0.272222   bar
16   1.616162   1.213607   bar
17   1.717172   1.438176   bar
18   1.818182   2.304399   foo
19   1.919192   1.335145   bar
20   2.020202   1.248092   bar
21   2.121212   1.660103   bar
22   2.222222   0.593840   bar
23   2.323232   1.909444   bar
24   2.424242   2.400757   bar
25   2.525253   3.185248   foo
26   2.626263   4.088094   foo
27   2.727273   2.337386   bar
28   2.828283   2.882650   foo
29   2.929293   0.829642   bar
30   3.030303   2.646594   bar
31   3.131313   2.881357   bar
32   3.232323   1.546823   bar
33   3.333333   2.893013   bar
34   3.434343   4.681140   foo
35   3.535354   3.021145   bar
36   3.636364   3.195471   bar
37   3.737374   4.902944   foo
38   3.838384   4.555944   foo
39   3.939394   4.886099   foo
40   4.040404   3.897697   bar
41   4.141414   4.526219   foo
42   4.242424   3.489706   bar
43   4.343434   5.844848   foo
44   4.444444   3.898243   bar
45   4.545455   6.021571   foo
46   4.646465   5.083127   foo
47   4.747475   4.133971   bar
48   4.848485   5.617304   foo
49   4.949495   4.459923   bar
50   5.050505   5.349897   foo
51   5.151515   5.411291   foo
52   5.252525   4.768744   bar
53   5.353535   7.369567   foo
54   5.454545   5.385912   bar
55   5.555556   4.926388   bar
56   5.656566   5.818464   foo
57   5.757576   6.187041   foo
58   5.858586   6.668782   foo
59   5.959596   5.828387   bar
60   6.060606   6.426380   foo
61   6.161616   7.353234   foo
62   6.262626   5.798445   bar
63   6.363636   5.927434   bar
64   6.464646   5.544763   bar
65   6.565657   6.102979   bar
66   6.666667   7.031183   foo
67   6.767677   6.362589   bar
68   6.868687   7.254963   foo
69   6.969697   6.169586   bar
70   7.070707   7.482600   foo
71   7.171717   7.446631   foo
72   7.272727   7.660001   foo
73   7.373737   8.208225   foo
74   7.474747   5.987530   bar
75   7.575758   9.913713   foo
76   7.676768   8.804760   foo
77   7.777778   8.699308   foo
78   7.878788   6.577865   bar
79   7.979798   8.645006   foo
80   8.080808   8.412962   foo
81   8.181818   6.758407   bar
82   8.282828   7.940322   bar
83   8.383838   8.516038   foo
84   8.484848   8.767567   foo
85   8.585859   7.462330   bar
86   8.686869   8.908235   foo
87   8.787879   6.511109   bar
88   8.888889   8.513354   bar
89   8.989899  11.868279   foo
90   9.090909   9.609625   foo
91   9.191919   8.790579   bar
92   9.292929  10.134903   foo
93   9.393939   7.106952   bar
94   9.494949  10.795591   foo
95   9.595960   9.066586   bar
96   9.696970   9.783798   foo
97   9.797980   9.387692   bar
98   9.898990  10.566004   foo
99  10.000000  10.726649   foo