9.405697023115340727e+00
9.110382942730479883e+00
8.898607239758000276e+00
1.013794274374584425e+01
1.032439025247210118e+01
9.594993847663836561e+00
9.891111119906584648e+00
1.172108168076504420e+01
1.058367506652972878e+01
1.178557762612541104e+01
1.017873363714622847e+01
1.034035016146578734e+01
1.050297198232918561e+01
8.449933410568601033e+00
9.165330821968222352e+00
1.180668393580190134e+01
1.006649876808753774e+01
1.043004599896496210e+01
9.432473917612078651e+00
9.025030747848822088e+00
9.432008512914642040e+00
1.360704888736896123e+01
9.207125168825234240e+00
1.171767053182987617e+01
1.090035837956966525e+01
1.074719736832850003e+01
9.466262834516705027e+00
1.151089266894526730e+01
1.164187660366646604e+01
8.413961299527530358e+00
1.308503272745677570e+01
1.098806951240358742e+01
1.063427398435010396e+01
1.136558238447546643e+01
1.115347948755942298e+01
1.217672328765562817e+01
9.489503862696219372e+00
1.126465564834576405e+01
9.995294210281588931e+00
1.080526035492750303e+01
1.532372766939143105e+01
1.125883931230879220e+01
9.428223550518945117e+00
1.063563076977239774e+01
1.236215655577103512e+01
8.697512830135405437e+00
9.944949160525792919e+00
9.934618699997621150e+00
9.035150304895344320e+00
9.005489645211779859e+00
