8.234761602092279809e-01
9.882725147660590403e-01
7.249844207012380304e-01
9.247530001702489733e-01
7.629784803226880019e-01
4.609348998194580105e-01
7.475340095140200480e-01
6.392908555363380207e-01
5.609128302921969622e-01
9.837251356610150488e-01
8.313316187527980405e-01
8.407114876540150439e-01
1.056210234456159913e+00
7.415934644502280015e-01
1.057610320919939895e+00
7.861291826077260181e-01
9.519109905860489995e-01
8.356008322428769564e-01
8.249328131821529464e-01
8.450084090983840390e-01
1.044728468446830094e+00
6.915837076090339819e-01
9.005197525512550483e-01
1.053211486072560099e+00
9.686143985068820239e-01
7.392665653954519911e-01
7.980086646699829922e-01
1.116820088571379932e+00
9.942772776798369794e-01
6.127833851691989464e-01
1.100257342564880059e+00
1.151274220375279933e+00
1.126076323970679915e+00
1.129602205922169977e+00
7.122778026350600200e-01
1.014855559808949925e+00
6.584212828038249476e-01
1.225394552156690020e+00
9.567201760286809797e-01
7.724848948658840087e-01
8.797925136450710504e-01
1.110450914920229959e+00
7.979592490177459529e-01
8.237750795622960087e-01
1.121307908651689944e+00
7.436358954220250173e-01
1.130751340701189989e+00
7.432077166926710499e-01
1.061941355558720046e+00
7.897288902733300420e-01
1.086145337122840004e+00
1.289515663254900080e+00
1.317061627485659914e+00
8.515291624959590022e-01
9.078961933788669558e-01
1.277531795379649893e+00
1.110262810104990061e+00
1.049614175325600085e+00
1.296259683823999920e+00
1.167905502923219929e+00
1.138949983963970070e+00
7.890915551311700193e-01
8.580450644066489607e-01
1.239201013182950062e+00
8.394175282067599664e-01
1.349111462393530081e+00
9.219522539129909600e-01
9.595278338518830052e-01
1.096914502624350085e+00
9.566702907497189878e-01
9.709086284227019803e-01
1.270297378704710045e+00
1.358341977692689939e+00
1.061003608258439979e+00
8.961114626891849566e-01
1.302745363761240061e+00
1.257717370482970054e+00
1.449570968451650010e+00
1.447522151925940026e+00
1.446804881383610075e+00
9.266082026912879632e-01
1.310695585362640081e+00
1.055550196927200091e+00
1.404772924590379946e+00
1.088401582289300062e+00
1.380926522091469932e+00
1.136182098483309977e+00
1.425457598258230041e+00
1.226925115963499957e+00
1.432915233217489925e+00
1.032516430716279965e+00
1.473222848888390057e+00
1.199509645589110107e+00
1.160966801554550010e+00
1.358318939884129994e+00
1.258702535121769994e+00
1.127119264309260016e+00
1.524863377720659940e+00
1.360466910667619933e+00
1.100086068083180102e+00
1.265859828629269934e+00
1.191633090010280061e+00
1.102104553808239906e+00
1.491317203051190088e+00
1.347987680292729973e+00
1.324214155572690066e+00
1.263254579361080099e+00
1.245240231250960061e+00
1.461375554151240097e+00
1.233577597779389912e+00
1.093604398664359989e+00
1.597872606136059970e+00
1.610022659049799909e+00
1.059196493666910044e+00
1.198323157662249949e+00
1.470410021258159894e+00
1.161715423805030012e+00
1.483298894445280069e+00
1.465900322495840014e+00
1.436597410123430008e+00
1.190399596150520045e+00
1.302994019729790010e+00
1.600141721690879981e+00
1.376517103262179909e+00
1.602770697372249975e+00
1.221098335742559993e+00
1.150095016068769960e+00
1.339232932722729918e+00
1.704690438433690058e+00
1.423099724718259962e+00
1.229904946195770066e+00
1.292187027613719952e+00
1.394210272358620051e+00
1.579005437697879932e+00
1.266088656300830007e+00
1.762490861832830102e+00
1.477333337189570051e+00
1.244509535364239916e+00
1.434592910587479953e+00
1.657927652188670109e+00
1.579879626938460069e+00
1.292644711479540076e+00
1.443999150175109936e+00
1.704327085708750023e+00
1.613424788074169891e+00
1.364839324859900005e+00
1.429001046817039988e+00
1.767050592768409922e+00
1.415646138735749959e+00
1.392364211854749900e+00
1.681366393823310101e+00
1.763558327881620036e+00
1.794146713740059962e+00
1.375335006320089981e+00
1.850423608998930103e+00
1.393272323258810008e+00
1.510415094812560088e+00
1.307296938095340089e+00
1.380927285080999933e+00
1.516881904661099956e+00
1.553925003613400024e+00
1.486725633524230039e+00
1.382919812367920054e+00
1.481492680199770096e+00
1.594424589390480040e+00
1.737639889831799955e+00
1.393100757303650017e+00
1.822041308934899906e+00
1.353876715896690008e+00
1.893510314252069948e+00
1.476060820225709946e+00
1.936698493806759958e+00
1.480065923059419974e+00
1.801104508744250099e+00
1.534162466413609982e+00
1.802206254278519992e+00
1.393459264488130067e+00
1.924955110844480011e+00
1.543704048245460037e+00
1.784919566845289962e+00
1.881028195042010021e+00
1.887883935290469939e+00
1.439545490332629907e+00
1.718166437108769928e+00
1.537783171388469983e+00
2.007024465617449849e+00
1.604048089537980060e+00
1.909539771456949975e+00
1.826539606074230049e+00
1.810737447097759967e+00
1.889425714720790017e+00
1.681235963101699982e+00
1.927125259063130036e+00
2.121033527882500103e+00
2.155334444499930058e+00
1.862448010908640095e+00
1.878185957035350073e+00
2.141789318044089896e+00
2.245630417011529989e+00
1.987567134579180106e+00
2.309684307261819836e+00
2.220359722919790002e+00
2.722900139091999794e+00
2.522794274772949930e+00
2.492487681361540197e+00
2.866246864125800098e+00
2.920027078359749950e+00
2.568268525387760182e+00
2.625215269399059803e+00
2.501081971150460159e+00
2.100937421171510167e+00
1.938798089679399927e+00
2.254507984177850144e+00
1.805061488361870081e+00
1.959659017841490103e+00
2.061157123389690149e+00
1.803354720816519929e+00
2.070188846703350016e+00
1.705585677639060105e+00
1.863156671590840086e+00
2.124116425289909849e+00
1.637077324544840007e+00
1.739520294120250110e+00
2.117538630759459917e+00
1.920218854458819902e+00
1.831347828142529943e+00
1.645365346819970043e+00
2.167769659039520125e+00
2.114747621528109800e+00
2.203513850629680082e+00
2.139282061973919902e+00
1.890415770419680008e+00
1.760202122531600022e+00
1.838989648869379989e+00
1.968249337746420080e+00
1.727875899651670100e+00
2.056416308451459951e+00
1.683225082962239938e+00
2.023946265153960145e+00
2.164147851680680024e+00
1.968673861114929924e+00
1.854591342739760007e+00
2.157738379758329827e+00
1.793464259940130034e+00
1.962731584183359912e+00
1.897534733273589902e+00
1.798030756963280075e+00
1.956369380220440046e+00
2.231331959192759840e+00
2.144762439255529785e+00
1.756635711290210011e+00
2.118371229762530117e+00
2.004123198305930220e+00
1.977099743414409971e+00
1.746437686978330017e+00
2.021281964421569821e+00
2.243398341560169928e+00
2.124495956384949924e+00
2.157439462676720154e+00
1.846053027162340099e+00
1.938751337753700010e+00
1.872955678101209998e+00
2.101266378033349813e+00
2.204293454180970002e+00
1.964146902215269996e+00
1.990001156548379946e+00
1.834893139443009913e+00
2.205232951716249890e+00
1.945997045832160044e+00
2.105122908224939859e+00
2.390063787411050189e+00
2.177092080383649986e+00
1.891742115072879926e+00
2.354497773115619808e+00
2.110819184027400208e+00
2.240671436650509829e+00
2.036976333791470140e+00
2.122476549497770204e+00
2.435271403188380201e+00
2.015949699906979919e+00
1.860072167567309975e+00
2.294977425472339849e+00
1.965328248024009961e+00
1.965389291045980036e+00
2.114931737078450169e+00
2.042521292661410026e+00
2.008900234383269812e+00
2.059157606524100181e+00
2.050511622102979992e+00
2.230785767411870069e+00
2.516055279239560072e+00
1.960838778082020006e+00
2.523983644616840216e+00
2.530086286824869912e+00
2.294450943411010080e+00
2.504388312459520094e+00
2.576439496121779804e+00
2.532290017705539853e+00
2.205930403355159886e+00
2.135828599278640105e+00
2.164207174420099911e+00
2.087496765757910211e+00
2.156850881761759986e+00
2.550600067743950206e+00
2.141737756627270173e+00
2.634846457365239925e+00
2.369453742305709820e+00
2.451359851272009838e+00
2.283102395164259946e+00
2.368750921630700113e+00
2.364617526192259955e+00
2.573851555834150151e+00
2.283141029290240098e+00
2.744187546364039942e+00
2.712844535331349949e+00
2.536726273240839991e+00
2.662216324577309834e+00
2.402539080316099973e+00
2.629481617620450074e+00
2.608292880337459874e+00
2.832926099996790015e+00
2.976951375131990041e+00
2.700955574899079892e+00
2.977276536311729949e+00
2.906958422492150085e+00
2.860891794519329956e+00
3.233525160233710061e+00
3.017712089038299794e+00
3.281776498074790105e+00
3.195117229074239784e+00
3.430498640593290016e+00
3.104857474689319830e+00
3.416230387573110150e+00
3.406259173962100206e+00
3.598734488854100189e+00
3.822605360801429875e+00
3.405263269129480186e+00
3.443204890464290013e+00
3.888218004346850165e+00
3.505710039034700021e+00
3.894377708646350023e+00
3.472414592815369794e+00
3.478622624424230203e+00
3.883021733560720001e+00
3.816694956288289919e+00
3.503920775599600024e+00
3.524243068050239902e+00
3.355799524513200183e+00
3.491954492119759834e+00
3.678592041010900093e+00
3.184950640669160116e+00
3.484242457879759947e+00
3.130609209720899955e+00
3.174122366991240174e+00
3.290356211283650190e+00
2.924115446950339869e+00
3.426795779565380062e+00
3.139357820470059846e+00
2.833738805354660162e+00
2.995963466150609822e+00
3.016168860714369959e+00
2.629032875714290007e+00
2.844980601730359826e+00
3.090340067507269861e+00
2.557589297710030074e+00
2.848420422769970095e+00
3.037236371384099964e+00
2.752827195745759958e+00
2.779319060072570124e+00
2.848525133568959866e+00
2.776728471281140198e+00
2.925456241816589920e+00
2.845903468146889992e+00
2.827702709886029897e+00
2.595896212768499911e+00
2.438390819324660175e+00
2.494090578114739998e+00
2.493905650812879848e+00
2.862805656248879949e+00
2.373914965453930215e+00
2.290325342610119996e+00
2.779824899071209998e+00
2.787592581660780056e+00
2.326573994401969880e+00
2.281959999415839935e+00
2.423558350992809807e+00
2.559843227075909944e+00
2.318003647434640158e+00
2.410764028965699968e+00
2.254246128562989782e+00
2.417757021310639853e+00
2.340053376626030079e+00
2.746487297092540025e+00
2.238977702077789900e+00
2.254354166105580148e+00
2.795409520106300061e+00
2.654561620989639881e+00
2.560791430724079998e+00
2.190909015421719896e+00
2.412515805163640170e+00
2.672402222933119909e+00
2.553508687871150151e+00
2.274655192366089818e+00
2.686312530272100041e+00
2.240854827384120007e+00
2.324565790481130101e+00
2.652468138709379808e+00
2.606343172912290118e+00
2.492162694242659793e+00
2.311899398642220049e+00
2.736547973407620127e+00
2.386708217365550055e+00
2.456333367177209848e+00
2.712109718301659811e+00
2.753622858422999808e+00
2.326509561637950085e+00
2.651826263754100133e+00
2.475823297228799902e+00
2.700623096152849900e+00
2.281533697497529989e+00
2.519626716703120106e+00
2.261448100269670025e+00
2.199803415972040099e+00
2.684930521513889889e+00
2.723016405156510000e+00
2.777005599726030116e+00
2.332974141835289839e+00
2.662698048097159820e+00
2.263572297337780093e+00
2.528491045991870134e+00
2.716687436885619977e+00
2.237793829877769980e+00
2.714532554416229981e+00
2.368940590230999899e+00
2.337668386823640088e+00
2.621813596542319935e+00
2.448289010252110209e+00
2.318414509277510138e+00
2.239187934029700067e+00
2.456055396501060084e+00
2.482564527636200058e+00
2.573996776181759927e+00
2.434040876565549905e+00
2.237301437923699954e+00
2.591783751990469842e+00
2.737773282146990006e+00
2.327337342810639864e+00
2.197460555993489884e+00
2.317960473177029801e+00
2.275038842012699902e+00
2.475044150279650079e+00
2.787388465048489916e+00
2.479419527099380183e+00
2.311159771189299938e+00
2.690810212768839804e+00
2.608235621475110122e+00
2.367412420909809967e+00
2.788170603605840014e+00
2.248513930819359796e+00
2.455501512129210084e+00
2.662434757167559951e+00
2.640964591048149845e+00
2.439090660684500200e+00
2.471232086230469971e+00
2.322099756650109814e+00
2.332387124858740002e+00
2.363702286772829897e+00
2.802831777683969960e+00
2.812517941673529975e+00
2.722135158930340193e+00
2.239141113941760075e+00
2.400040929629999820e+00
2.333229102486240158e+00
2.594787444872269866e+00
2.475310677007850124e+00
2.388341667018300196e+00
2.277172166003409881e+00
2.582040409447440066e+00
2.505312956495299836e+00
2.508427978401860159e+00
2.524993973763689947e+00
2.594991992870320008e+00
2.339206625211459833e+00
2.254611755123089978e+00
2.410127098062239792e+00
2.448742530351720070e+00
2.382951132243320114e+00
2.443037147428110067e+00
2.495176663462680189e+00
2.428198963486079887e+00
2.599463649623570127e+00
2.311679148973639908e+00
2.399808669453149967e+00
2.659647172579219898e+00
2.674244995440020034e+00
2.462954877903929862e+00
2.819466036027360012e+00
2.546854645794660144e+00
2.723054089542050082e+00
2.414242049012099933e+00
2.769717647203659983e+00
2.290680718923229886e+00
2.694066005911219808e+00
2.274206710809650200e+00
2.534227021393069990e+00
2.476534512975860025e+00
2.351733742563579810e+00
2.808981897048159926e+00
2.665800849042950116e+00
2.565972027318280002e+00
2.790633664926359891e+00
2.299703077155569986e+00
2.431971318049409803e+00
2.876505417671530118e+00
2.554789814046809937e+00
2.642098028289829870e+00
2.789764162609010167e+00
2.571060885509009797e+00
2.391823144390170075e+00
2.846054488015099970e+00
2.835103691604289988e+00
2.894626334830399994e+00
2.572442626815079958e+00
2.480649603793939839e+00
2.869160713683239994e+00
2.357681181361710010e+00
2.803065655081609986e+00
2.334986737650329935e+00
2.807305743124770103e+00
2.792072042300560053e+00
2.411522860484490050e+00
2.583544357248769963e+00
2.879484731005939935e+00
2.803010739504579796e+00
2.546749703205779980e+00
2.692546060078019998e+00
2.611104927539880105e+00
2.555288995993159951e+00
2.794411091462150054e+00
2.870234405803029798e+00
2.866064890914199914e+00
2.665587369181170008e+00
2.614735527629649781e+00
2.735826062440160023e+00
2.536233541938289981e+00
2.625246039592719960e+00
2.940559266525700099e+00
2.832148645622940109e+00
2.783614269188329882e+00
2.837934958513890216e+00
3.009010717703279880e+00
2.472614642542910079e+00
2.863640894683070037e+00
2.682463869754390107e+00
2.715083021705739785e+00
2.787412492959810084e+00
2.646440104091490220e+00
2.765069729107919816e+00
2.770620951110520203e+00
2.666779273248069959e+00
2.967607673748230201e+00
2.937607506980029815e+00
2.574080831195900032e+00
2.971540578228560214e+00
3.172500365146480039e+00
2.893234428865779861e+00
2.987190158672420104e+00
2.989725717100669922e+00
2.701016159557089846e+00
3.059348638384909780e+00
3.322258280986170043e+00
2.788458079425419900e+00
3.209042457733669806e+00
3.323161393967319910e+00
3.192676812059930036e+00
2.967779400590900174e+00
3.473906889835470135e+00
3.501193424988339853e+00
3.476468439160949941e+00
3.693456903084019860e+00
3.757228090087790129e+00
3.605044473199479960e+00
3.535254704873629805e+00
3.995631594909700102e+00
3.833433298099549802e+00
4.042100247045169681e+00
3.900326226434629895e+00
3.970498118009400113e+00
4.130609252093860206e+00
4.753524778187130373e+00
4.899993359208379751e+00
4.643360384443280253e+00
4.702679808262150374e+00
5.274174202365710329e+00
5.078486837370800089e+00
5.467069720602670380e+00
5.442248302292539641e+00
5.392178081351009844e+00
5.168927550039690288e+00
5.208279231044869562e+00
5.225948660521989808e+00
5.235029240646969839e+00
5.282971338430470176e+00
5.083364846601120313e+00
4.582251946241290064e+00
4.404767867239449686e+00
4.707501278367939967e+00
4.042619622979089833e+00
4.046697582619279920e+00
4.154477221735159986e+00
4.240539297116289852e+00
3.653716787892959950e+00
3.933919886250759834e+00
3.555786742003720136e+00
3.843216397651899818e+00
3.485449812639569878e+00
3.414358359898120199e+00
3.261373442191620065e+00
3.206969605012599978e+00
3.336090844836430147e+00
3.225939472613700065e+00
3.032186430982589886e+00
2.861776797087149937e+00
3.321631755293179999e+00
3.218461049788179817e+00
2.964511734058389969e+00
2.907136938304009988e+00
2.778399285613839975e+00
3.251348298086000010e+00
2.918198560849969869e+00
3.062049456786009927e+00
3.097148583414300216e+00
2.722042971285480117e+00
3.129200692422950070e+00
2.572502397795040086e+00
2.778051500075250146e+00
2.734738798904699841e+00
3.059414152352140093e+00
2.605605897299649865e+00
2.724287925490739948e+00
2.684330192029400042e+00
3.067205715978280178e+00
2.742902988436890066e+00
2.653954342475449923e+00
2.939036988489430069e+00
2.525589302893640031e+00
2.520271575917880202e+00
2.514382297763789964e+00
2.569584550724190120e+00
2.893365053271849785e+00
2.879946416908300222e+00
2.701758506348090005e+00
2.468829242040969874e+00
2.690996640143310081e+00
2.481441196537149896e+00
2.774375582651260164e+00
2.639307523934370181e+00
2.673868785734680120e+00
2.714818110329499934e+00
2.880532235716750211e+00
2.787054447695429982e+00
3.010906269466710139e+00
2.440015584642440061e+00
2.568573195190170022e+00
2.574617345893429832e+00
2.513178851253779822e+00
2.984222937766690009e+00
2.562738651000949996e+00
2.841581187116479779e+00
2.866215110957779810e+00
2.893383479292749971e+00
2.475494157598860046e+00
2.883655191997839928e+00
2.819955736093790133e+00
2.988534405584259979e+00
2.463439694048879858e+00
2.972924469705859885e+00
2.792157969210959934e+00
2.616402197812119912e+00
2.607277334574079841e+00
2.986950600640410070e+00
2.854088881579699866e+00
2.757290584661109989e+00
3.072165173065080079e+00
2.658640828641590126e+00
2.872926374196679955e+00
2.595698374079109971e+00
2.874735160772170062e+00
2.642326659215629814e+00
3.219893621754569946e+00
3.048047918427899905e+00
3.203537871279320104e+00
3.005501220774939863e+00
2.854496605775370011e+00
2.868873998921920077e+00
3.225695955119599834e+00
3.100430549830770044e+00
3.092214525557510196e+00
3.522620529964600067e+00
3.463406388351760068e+00
3.273010931180019956e+00
3.365765688420559787e+00
3.557047805290959985e+00
3.157335807146259832e+00
3.597263674793309995e+00
3.221075323579329908e+00
3.608538598420869992e+00
3.264162027229069896e+00
3.378839314119180148e+00
3.183749640826210037e+00
3.362537652582910042e+00
3.512543883213050222e+00
3.169030472841490198e+00
3.508915457365409996e+00
3.621706958181170055e+00
3.051139950018249891e+00
3.078089543418820018e+00
3.000308098045520122e+00
3.034953869236760138e+00
3.326237227281890085e+00
2.919391392905180016e+00
3.303223532766180082e+00
3.118636117807410013e+00
2.883264835901819811e+00
3.242500562605930003e+00
3.123504033591089968e+00
3.058761760263379870e+00
2.896102770962480033e+00
3.158760666635790137e+00
2.620187431771430209e+00
2.565178232594719887e+00
2.504786069635939860e+00
2.490191371201940118e+00
2.464876710754220213e+00
3.030839179072120082e+00
2.789436972150369787e+00
2.965491544551690062e+00
2.532735560906449912e+00
2.657252231084799909e+00
2.658706899130029999e+00
2.804356789748720047e+00
2.574462466588939957e+00
2.339356463856849810e+00
2.685936531068939814e+00
2.756967114214719849e+00
2.693477714157999969e+00
2.670881521501939915e+00
2.641322033914760059e+00
2.833061538207779950e+00
2.570595088172130005e+00
2.693894912895780092e+00
2.649797594197000006e+00
2.347926246039619969e+00
2.728966886259999836e+00
2.500974811447779889e+00
2.474207354244129853e+00
2.549251970377690135e+00
2.526370520775349959e+00
2.759723025755560055e+00
2.489721070500349853e+00
2.488452711578529986e+00
2.213605065640050107e+00
2.193823269365149820e+00
2.206267950133470102e+00
2.738397219127069793e+00
2.398029387693629833e+00
2.586752346634820121e+00
2.310803864451779877e+00
2.285641497311059922e+00
2.471331691536049924e+00
2.474354154272540018e+00
2.460918297936499854e+00
2.481045031059709860e+00
2.344360406034180055e+00
2.404806391515620145e+00
2.323398021849650164e+00
2.379292973192160154e+00
2.392584583335449988e+00
2.117686857716070126e+00
2.216791386910060169e+00
2.625291341326370098e+00
2.264341190945129867e+00
2.546722680797179894e+00
2.555259028876609939e+00
2.186555796187739986e+00
2.556102422671250096e+00
2.507128809651180124e+00
2.505358042140009900e+00
2.357143147908220104e+00
2.355900885748019924e+00
2.467801107882760192e+00
2.202096738056740222e+00
2.168954794267840214e+00
2.242642782013100078e+00
2.192690692219740001e+00
2.618130991735459823e+00
2.193719136338780018e+00
2.637832292544890045e+00
2.389780811761240020e+00
2.624010874990529985e+00
2.583522806046369968e+00
2.136623887244499809e+00
2.553689793954160070e+00
2.510561557391830068e+00
2.597929633311629960e+00
2.196755795534569788e+00
2.075051941005050082e+00
2.043436575910420050e+00
2.063261495076280205e+00
2.153550788108240077e+00
2.458921184281869898e+00
2.364588217382289859e+00
2.265289601066709846e+00
2.527090854438450052e+00
2.057324277300839999e+00
2.525797937538380111e+00
2.271779401046429836e+00
2.161908442265790153e+00
2.508226345412679859e+00
2.532489702224620221e+00
2.389515590660140187e+00
2.498839718000700039e+00
2.014355759604229856e+00
2.076218789427699996e+00
2.456692680502460036e+00
2.328834611085810025e+00
2.240750338007659881e+00
2.394697276806250219e+00
2.114133011260840078e+00
2.448226811107109935e+00
2.034978655144080051e+00
2.038457753804109984e+00
2.126148604790739860e+00
2.411209996358969931e+00
1.987158382973980064e+00
2.006823453879909902e+00
2.194863131165289971e+00
2.073584512031129812e+00
2.453796323832429849e+00
2.167524373582419894e+00
2.412305187822930019e+00
2.553360359676060121e+00
2.291123474390670101e+00
2.405857253056519873e+00
2.481858730320929851e+00
2.352549299618820200e+00
2.080785737228770138e+00
2.247680545925660134e+00
2.160571064358919990e+00
2.071143815127599819e+00
2.382563095155350030e+00
2.460891697505089848e+00
2.357654315986120075e+00
2.287643465960830014e+00
2.505727356468700151e+00
2.612692994823750059e+00
2.605688255968980016e+00
2.365629490679059810e+00
2.128213012256030101e+00
2.297892284368769911e+00
2.474578175297189819e+00
2.173853120367230218e+00
2.602092951814719779e+00
2.319428197623719878e+00
2.359585547994190069e+00
2.428000500860009847e+00
2.534708622477499951e+00
2.602368806059410122e+00
2.301506881663339943e+00
2.417823516597020106e+00
2.549928722927219837e+00
2.745736827193729912e+00
2.974983686310160191e+00
2.875268109458210208e+00
2.794379011687500025e+00
2.562117535369810017e+00
2.847227764637830116e+00
3.185995741602269948e+00
3.130090232052149979e+00
3.047821754400669825e+00
3.444968902297699920e+00
3.208458073976450109e+00
3.456110338464680076e+00
3.454420830096109896e+00
3.529171808837499924e+00
3.591266429559619944e+00
3.252584447728740003e+00
3.547689887315379931e+00
3.327964967602750068e+00
3.618703674239060142e+00
3.388573390123120088e+00
3.462275468545120027e+00
3.272491186107179928e+00
3.364705905259670171e+00
3.258126687020410195e+00
3.390767349753510018e+00
3.200038017799200052e+00
2.981186439453619830e+00
2.850873262472140013e+00
3.042352141583589908e+00
2.719480708532549862e+00
2.964640847190150197e+00
2.626681831277390078e+00
2.877650706139640135e+00
2.905828320217629823e+00
2.648179524323869938e+00
2.703271610079919895e+00
2.739955793710159959e+00
2.411678273212169987e+00
2.696706539764699873e+00
2.546606375783179832e+00
2.522071961127109851e+00
2.565020467008909844e+00
2.399463570367519782e+00
2.431813026951170187e+00
2.308709415906700091e+00
2.503070000134600015e+00
2.249688569238220026e+00
2.393744606551090115e+00
2.284677114923939989e+00
2.516025425101419799e+00
2.675602289615520046e+00
2.241605526948229787e+00
2.491745134231420078e+00
2.294442521113210010e+00
2.353366439876289906e+00
2.493105734288799891e+00
2.336027532248460048e+00
2.410547376197139879e+00
2.526948817835779959e+00
2.608478501157669882e+00
3.090910672812229976e+00
2.783356966304749935e+00
3.015235220581319986e+00
3.171023269621839891e+00
3.648688976419840024e+00
3.560154824324989864e+00
3.928952795186519964e+00
3.907855530367109864e+00
3.592938142552629888e+00
3.599909992326689956e+00
3.378880583970690132e+00
3.666140189482430145e+00
3.330307458566459822e+00
3.182041709405909913e+00
3.127693558345599811e+00
3.179168547863850058e+00
2.886137142575400105e+00
2.712765301118739814e+00
2.520722058665529897e+00
2.520551476455819895e+00
2.326941210718279862e+00
2.088994332386859831e+00
2.472792644858059941e+00
2.483346763978429905e+00
2.266970942708709913e+00
2.114079182119729783e+00
2.048612426596209790e+00
1.953630549676149908e+00
2.303706678042380052e+00
2.194386673822020128e+00
1.697064567242819955e+00
1.690714943532189984e+00
2.180449447706270139e+00
2.212336094636190076e+00
1.905514503272170090e+00
1.714422129640380099e+00
1.944528143267929998e+00
1.739888463384579920e+00
1.888887500326299929e+00
1.722039004431570097e+00
1.590441795640320066e+00
1.675299386333310103e+00
1.527765946269080022e+00
1.769865211439950015e+00
1.782010349115640047e+00
1.586044170191599934e+00
1.919703743030940046e+00
1.753550209362249923e+00
1.927177423996859984e+00
1.652015919762130025e+00
1.856016874576190023e+00
1.647492190865250006e+00
1.854785424907539948e+00
1.951601465215770048e+00
1.951637638328709956e+00
1.972395751965259958e+00
1.439731961020090045e+00
1.491768098461260017e+00
1.742281756859060060e+00
1.413516379012289992e+00
1.749121648063959977e+00
1.440926727910599947e+00
1.787039505843609932e+00
1.835098061967729954e+00
1.567056754036189936e+00
1.395300527270290081e+00
1.598332493221819917e+00
1.787417820509179966e+00
1.895990200392650094e+00
1.435645710317789980e+00
1.540544081308490076e+00
1.414351455210300035e+00
1.689035367978259927e+00
1.702179239481500073e+00
1.852562112572829989e+00
1.339287086192570086e+00
1.749140713623019927e+00
1.315468899600269914e+00
1.337988430585739907e+00
1.587327517352870032e+00
1.252069542417820092e+00
1.414551683628580081e+00
1.544006990390119904e+00
1.357668907731599983e+00
1.468827792627870110e+00
1.739349077244809916e+00
1.708424224494830002e+00
1.406863216131100103e+00
1.626128994158579921e+00
1.478533223450559930e+00
1.393049387709990095e+00
1.590830298022539946e+00
1.634124915293629909e+00
1.644657165196770077e+00
