-2.000000000000000000e+00 -1.014188232422243985e+01
-1.989974937343358397e+00 -1.347606149741827686e+01
-1.979949874686716793e+00 -9.764715263842575155e+00
-1.969924812030075190e+00 -1.005650330260822400e+01
-1.959899749373433586e+00 -9.970481495829361052e+00
-1.949874686716791983e+00 -1.176865455363808088e+01
-1.939849624060150379e+00 -9.985840595195311309e+00
-1.929824561403508776e+00 -9.850389325883964986e+00
-1.919799498746867172e+00 -1.003919134733926555e+01
-1.909774436090225569e+00 -1.055505013630643951e+01
-1.899749373433583965e+00 -1.107351419370025702e+01
-1.889724310776942362e+00 -1.023597995526738025e+01
-1.879699248120300759e+00 -8.078595612256782132e+00
-1.869674185463659155e+00 -8.977097259942688368e+00
-1.859649122807017552e+00 -1.060175387935904112e+01
-1.849624060150375948e+00 -8.598150018981565168e+00
-1.839598997493734345e+00 -9.429542360447930704e+00
-1.829573934837092741e+00 -1.026012342428592028e+01
-1.819548872180451138e+00 -1.118541393858050448e+01
-1.809523809523809534e+00 -1.121108266364613115e+01
-1.799498746867167931e+00 -1.058696450512853993e+01
-1.789473684210526327e+00 -9.781182288050242590e+00
-1.779448621553884724e+00 -1.054085692620479620e+01
-1.769423558897243121e+00 -9.367502386701030304e+00
-1.759398496240601517e+00 -1.053599371210519031e+01
-1.749373433583959914e+00 -1.061622259831893089e+01
-1.739348370927318310e+00 -8.438112715170882794e+00
-1.729323308270676707e+00 -7.943358769293251243e+00
-1.719298245614035103e+00 -8.941164850644508277e+00
-1.709273182957393500e+00 -6.597712778973613190e+00
-1.699248120300751896e+00 -6.598631890935348743e+00
-1.689223057644110293e+00 -8.475610175846512107e+00
-1.679197994987468689e+00 -8.120727122018404742e+00
-1.669172932330827086e+00 -7.542328540357885913e+00
-1.659147869674185483e+00 -8.475052430600204190e+00
-1.649122807017543879e+00 -6.784989234869740038e+00
-1.639097744360902276e+00 -7.658861465962434778e+00
-1.629072681704260672e+00 -6.139691288663604141e+00
-1.619047619047619069e+00 -6.697765225330939209e+00
-1.609022556390977465e+00 -8.732979100320068966e+00
-1.598997493734335862e+00 -7.329578330900559102e+00
-1.588972431077694258e+00 -8.438877217202602310e+00
-1.578947368421052655e+00 -7.140183832320433410e+00
-1.568922305764411051e+00 -6.705072842139828460e+00
-1.558897243107769448e+00 -4.111239869427079086e+00
-1.548872180451127845e+00 -4.500256221481388152e+00
-1.538847117794486241e+00 -7.252054435383777253e+00
-1.528822055137844638e+00 -4.317340643449326443e+00
-1.518796992481203034e+00 -5.047971368528031633e+00
-1.508771929824561431e+00 -5.401009519016260363e+00
-1.498746867167919827e+00 -5.952000233539418872e+00
-1.488721804511278224e+00 -6.842500735250220956e+00
-1.478696741854636620e+00 -4.283156459169058294e+00
-1.468671679197995017e+00 -3.458213004655942946e+00
-1.458646616541353414e+00 -4.813749380273155687e+00
-1.448621553884711810e+00 -3.665885223842560325e+00
-1.438596491228070207e+00 -4.510547072989206541e+00
-1.428571428571428603e+00 -4.641777228153314283e+00
-1.418546365914787000e+00 -2.562596432752759057e+00
-1.408521303258145396e+00 -4.156842628956056274e+00
-1.398496240601503793e+00 -2.985521639149345763e+00
-1.388471177944862189e+00 -5.648031795896129026e+00
-1.378446115288220586e+00 -3.327154498168029217e+00
-1.368421052631578982e+00 -3.438755215767307583e+00
-1.358395989974937379e+00 -4.770444453135056051e+00
-1.348370927318295776e+00 -1.592528989222465663e+00
-1.338345864661654172e+00 -5.149203905445645546e+00
-1.328320802005012569e+00 -2.916576486176477800e+00
-1.318295739348370965e+00 -4.382154003883154125e+00
-1.308270676691729362e+00 -2.249612419314592326e+00
-1.298245614035087758e+00 -3.986316277124209773e+00
-1.288220551378446155e+00 -3.483893342391765735e+00
-1.278195488721804551e+00 -2.510690635433018070e+00
-1.268170426065162948e+00 -3.785349654885590720e+00
-1.258145363408521344e+00 -5.077632203108692011e+00
-1.248120300751879741e+00 -1.792850111777222866e+00
-1.238095238095238138e+00 -4.147788009920201802e+00
-1.228070175438596534e+00 -2.267243257291527758e+00
-1.218045112781954931e+00 -6.615809849503646589e+00
-1.208020050125313327e+00 -4.064692517897534607e+00
-1.197994987468671724e+00 -3.594845745193321562e+00
-1.187969924812030120e+00 -4.079792991043262873e+00
-1.177944862155388517e+00 -4.206723507307873255e+00
-1.167919799498746913e+00 -4.327111874146592818e+00
-1.157894736842105310e+00 -2.989505656963552749e+00
-1.147869674185463706e+00 -4.709242610106011639e+00
-1.137844611528822103e+00 -5.076559006470813706e+00
-1.127819548872180500e+00 -3.482691490315425575e+00
-1.117794486215538896e+00 -1.833902450383749994e+00
-1.107769423558897293e+00 -4.457279404808696555e+00
-1.097744360902255689e+00 -3.172572266080401882e+00
-1.087719298245614086e+00 -3.640634583844823968e+00
-1.077694235588972482e+00 -3.074136401127622431e+00
-1.067669172932330879e+00 -3.653033960107822775e+00
-1.057644110275689275e+00 -4.289837223022265889e+00
-1.047619047619047672e+00 -3.208357624643892514e+00
-1.037593984962406068e+00 -4.920720368480546725e+00
-1.027568922305764465e+00 -3.688368740999239836e+00
-1.017543859649122862e+00 -5.140320815614879635e+00
-1.007518796992481258e+00 -4.122359977459144176e+00
-9.974937343358396546e-01 -4.002611003191852035e+00
-9.874686716791980512e-01 -2.104582178264479797e+00
-9.774436090225564477e-01 -3.544596120682776075e+00
-9.674185463659148443e-01 -4.091103792597857058e+00
-9.573934837092732408e-01 -2.631830165501715335e+00
-9.473684210526316374e-01 -4.189856909455910383e+00
-9.373433583959900339e-01 -3.861318037449299911e+00
-9.273182957393484305e-01 -2.276567370863248119e+00
-9.172932330827068270e-01 -2.658488504773507621e+00
-9.072681704260652236e-01 -3.423361453732124637e+00
-8.972431077694236201e-01 -2.298664610617670245e+00
-8.872180451127820167e-01 -2.393327204136662445e+00
-8.771929824561404132e-01 -2.446660810779799355e+00
-8.671679197994988098e-01 -1.293601285488917174e+00
-8.571428571428572063e-01 -2.234201824675591475e+00
-8.471177944862156028e-01 -7.233861679851447679e-01
-8.370927318295739994e-01 -1.076498230039675930e+00
-8.270676691729323959e-01 8.505336099826044105e-01
-8.170426065162907925e-01 -2.272976457673689055e+00
-8.070175438596491890e-01 -6.475817816803688398e-01
-7.969924812030075856e-01 -4.774128737592482352e-01
-7.869674185463659821e-01 -1.957949390241130017e+00
-7.769423558897243787e-01 -2.156927375430207849e+00
-7.669172932330827752e-01 -3.583101722085751728e+00
-7.568922305764411718e-01 -4.156854074097182661e-01
-7.468671679197995683e-01 -3.915570064592299726e-02
-7.368421052631579649e-01 -3.664294872345943976e-01
-7.268170426065163614e-01 1.589176685882538909e+00
-7.167919799498747579e-01 -2.654733933063019857e-01
-7.067669172932331545e-01 1.127626674281528851e-02
-6.967418546365915510e-01 -2.021553389022634040e+00
-6.867167919799499476e-01 -1.351725548408338196e-01
-6.766917293233083441e-01 -1.806594944683981740e+00
-6.666666666666667407e-01 -2.328062417646151738e-01
-6.566416040100251372e-01 1.043415979329202159e+00
-6.466165413533835338e-01 -3.577937655847421849e-01
-6.365914786967419303e-01 1.721824741747040921e+00
-6.265664160401003269e-01 4.280346197909600248e-01
-6.165413533834587234e-01 -9.039862341067177454e-01
-6.065162907268171200e-01 -5.784873657721812945e-01
-5.964912280701755165e-01 2.627042317668742966e-02
-5.864661654135339131e-01 -9.907148611332099453e-01
-5.764411027568923096e-01 1.597111676700810889e+00
-5.664160401002507061e-01 7.001364422613503002e-01
-5.563909774436091027e-01 -9.450643798952462760e-02
-5.463659147869674992e-01 -1.641910088343319973e+00
-5.363408521303258958e-01 6.614506425074748730e-01
-5.263157894736842923e-01 7.553820874694414100e-02
-5.162907268170426889e-01 -3.862454570878763316e-01
-5.062656641604010854e-01 -5.434210511577004521e-01
-4.962406015037594820e-01 -3.151041737824352706e-01
-4.862155388471178785e-01 4.204503481386655528e-01
-4.761904761904762751e-01 2.699353349242267885e+00
-4.661654135338346716e-01 1.103509277326608917e-01
-4.561403508771930682e-01 2.351667310369558894e+00
-4.461152882205514647e-01 5.212013494333392893e-01
-4.360902255639098613e-01 -2.645774866593748165e+00
-4.260651629072682578e-01 8.233014364147123176e-01
-4.160401002506266543e-01 3.853576493519515478e-01
-4.060150375939850509e-01 -4.104485226547527899e-01
-3.959899749373434474e-01 3.723828711658588864e-01
-3.859649122807018440e-01 1.596455502659149817e+00
-3.759398496240602405e-01 -1.149819680777691699e-02
-3.659147869674186371e-01 -6.850907743634090385e-01
-3.558897243107770336e-01 -1.850776855852496738e-01
-3.458646616541354302e-01 1.766010400165506367e-01
-3.358395989974938267e-01 -1.738902223391701973e+00
-3.258145363408522233e-01 -1.533282357955587649e-01
-3.157894736842106198e-01 -1.152020563896996919e+00
-3.057644110275690164e-01 -5.793752021711463529e-01
-2.957393483709274129e-01 -2.178484849212238395e+00
-2.857142857142858094e-01 -1.583592189418278284e+00
-2.756892230576442060e-01 -1.504653073427213883e+00
-2.656641604010026025e-01 -2.877630740096675410e+00
-2.556390977443609991e-01 -8.739804168139690965e-01
-2.456140350877193956e-01 -5.290265637802893384e-01
-2.355889724310777922e-01 -8.052208011683870126e-01
-2.255639097744361887e-01 -1.300983325317015549e+00
-2.155388471177945853e-01 -1.812020983550707065e+00
-2.055137844611529818e-01 -2.322761360768228478e+00
-1.954887218045113784e-01 -2.329798978298897261e+00
-1.854636591478697749e-01 -2.936413519721793541e+00
-1.754385964912281715e-01 -1.613246157212208320e+00
-1.654135338345865680e-01 1.036168128097800789e-01
-1.553884711779449646e-01 -3.448327546244422948e-02
-1.453634085213033611e-01 1.887320191215247078e+00
-1.353383458646617576e-01 -2.769885855229813565e+00
-1.253132832080201542e-01 -5.814380533740848289e-02
-1.152882205513785507e-01 -1.412941836803010887e+00
-1.052631578947369473e-01 4.428328686539040326e-01
-9.523809523809534383e-02 -4.744331020811207722e-01
-8.521303258145374038e-02 -4.070876716496966141e-01
-7.518796992481213692e-02 1.501397149357910799e+00
-6.516290726817053347e-02 -9.023116920319491641e-01
-5.513784461152893002e-02 -8.952540507706741035e-02
-4.511278195488732656e-02 2.255319388043596440e+00
-3.508771929824572311e-02 -1.168250838213464426e+00
-2.506265664160411966e-02 1.013896889733475026e+00
-1.503759398496251620e-02 -1.599535727360844817e+00
-5.012531328320912749e-03 3.614940625887024805e-01
5.012531328320690704e-03 4.544365680621565429e-01
1.503759398496207211e-02 -1.003734542118106088e+00
2.506265664160389761e-02 5.623075298238358055e-01
3.508771929824572311e-02 -2.627163178293958623e-01
4.511278195488710452e-02 -1.527183864064907692e-01
5.513784461152848593e-02 2.783678607750287970e+00
6.516290726817031143e-02 3.826125010253673686e-01
7.518796992481213692e-02 9.759651659501767940e-01
8.521303258145351833e-02 8.319504837496239924e-01
9.523809523809489974e-02 6.669120947232075602e-01
1.052631578947367252e-01 8.337158514977149881e-01
1.152882205513785507e-01 1.368496235109160519e+00
1.253132832080199321e-01 4.432374331480588570e-01
1.353383458646613136e-01 1.469984880120783544e+00
1.453634085213031391e-01 1.251849395718640512e+00
1.553884711779449646e-01 1.652474794140862624e+00
1.654135338345863460e-01 1.143635055690939151e+00
1.754385964912277274e-01 2.257366190520221139e+00
1.854636591478695529e-01 7.329086160226065960e-01
1.954887218045113784e-01 1.189841968266128758e+00
2.055137844611527598e-01 1.409822498105037791e+00
2.155388471177941412e-01 -6.981609404493788196e-01
2.255639097744359667e-01 2.271167348370751515e+00
2.355889724310777922e-01 -1.470612023248120126e-01
2.456140350877191736e-01 1.453825598753710757e-01
2.556390977443605550e-01 8.286897379048223655e-01
2.656641604010023805e-01 1.291996773123746056e+00
2.756892230576442060e-01 -4.843498432761758066e-01
2.857142857142855874e-01 1.565326016199397374e+00
2.957393483709269688e-01 5.477837368183471334e-01
3.057644110275687943e-01 1.692854887416910259e+00
3.157894736842106198e-01 1.049801022814350837e+00
3.258145363408520012e-01 6.489250149213328100e-01
3.358395989974933826e-01 2.466899292579391723e-01
3.458646616541352081e-01 -1.284445404927492040e+00
3.558897243107770336e-01 -1.568456557783727279e+00
3.659147869674184150e-01 -9.301627787041927276e-01
3.759398496240597964e-01 -7.074226964384272565e-01
3.859649122807016219e-01 9.256734139494124936e-01
3.959899749373434474e-01 -6.994800481148529814e-01
4.060150375939848288e-01 -1.021126202773513292e+00
4.160401002506262103e-01 -1.187474702066592336e+00
4.260651629072680358e-01 -1.227217190276039593e+00
4.360902255639098613e-01 -1.272978622895063472e+00
4.461152882205512427e-01 -7.786970172767785359e-01
4.561403508771926241e-01 -4.190486326315248644e-01
4.661654135338344496e-01 -1.326831156364485675e+00
4.761904761904762751e-01 -2.214602037858383721e+00
4.862155388471176565e-01 -9.776323971546341252e-01
4.962406015037590379e-01 -2.153832670235379165e+00
5.062656641604008634e-01 -2.571652714602953971e+00
5.162907268170426889e-01 -1.645424130195076495e+00
5.263157894736840703e-01 -3.215263656420942473e-01
5.363408521303254517e-01 5.695394575826393524e-01
5.463659147869672772e-01 -1.587791994913356319e+00
5.563909774436091027e-01 -6.588759367576195736e-01
5.664160401002504841e-01 -2.123049816224493291e+00
5.764411027568918655e-01 -3.164248439151171599e-01
5.864661654135336910e-01 -1.546186358527404270e+00
5.964912280701755165e-01 -2.490318322612949498e+00
6.065162907268168979e-01 -1.614473146181954810e+00
6.165413533834582793e-01 -7.576764928102783792e-01
6.265664160401001048e-01 -1.961772041520406518e-01
6.365914786967419303e-01 -5.016655256487803083e-01
6.466165413533833117e-01 -2.650963955006312212e+00
6.566416040100246931e-01 -2.250864083730734322e+00
6.666666666666665186e-01 3.183680484774877861e-01
6.766917293233083441e-01 1.803650899159883192e-01
6.867167919799497255e-01 -7.024055961698781880e-01
6.967418546365911070e-01 -1.576270573175423406e+00
7.067669172932329325e-01 -1.001667776805883925e+00
7.167919799498747579e-01 -9.553379549030096562e-01
7.268170426065161394e-01 -3.978945824789286156e-01
7.368421052631575208e-01 -1.969665150448212998e+00
7.468671679197993463e-01 -1.454336081176022644e+00
7.568922305764411718e-01 -1.030466262543599631e+00
7.669172932330825532e-01 9.841563827023938060e-01
7.769423558897239346e-01 3.845281014620587356e-01
7.869674185463657601e-01 -3.995881613817986455e-02
7.969924812030075856e-01 4.751937626911189039e-01
8.070175438596489670e-01 -8.356799036304018991e-02
8.170426065162903484e-01 5.148068364747826475e-02
8.270676691729321739e-01 -1.283091101450558380e+00
8.370927318295739994e-01 -5.709950857122926271e-01
8.471177944862153808e-01 -1.240163132029476367e+00
8.571428571428567622e-01 1.597488838035556968e+00
8.671679197994985877e-01 5.095269559552016991e-01
8.771929824561404132e-01 -4.748299823108398376e-01
8.872180451127817946e-01 2.605224590247834371e-02
8.972431077694231760e-01 7.634131834348585333e-01
9.072681704260650015e-01 -1.042183843604313598e+00
9.172932330827068270e-01 -3.283805102829127076e-01
9.273182957393482084e-01 1.432357247439391745e+00
9.373433583959895898e-01 -1.407658857299619592e+00
9.473684210526314153e-01 1.329496392407635286e-01
9.573934837092732408e-01 7.250559740799418229e-01
9.674185463659146222e-01 7.689820724494317306e-02
9.774436090225560037e-01 -1.653052498972593654e+00
9.874686716791978291e-01 -4.688512704997453984e-01
9.974937343358396546e-01 -1.218469413970357795e-03
1.007518796992481036e+00 -1.545887128564653823e+00
1.017543859649122417e+00 -1.699898154137462036e+00
1.027568922305764243e+00 -5.774820306664227854e-01
1.037593984962406068e+00 -1.184557212006132065e-02
1.047619047619047450e+00 -1.114497735900175535e+00
1.057644110275688831e+00 1.072006984383158112e-01
1.067669172932330657e+00 -1.383094015653810516e+00
1.077694235588972482e+00 -6.348837792897265020e-01
1.087719298245613864e+00 -1.397037947241198452e+00
1.097744360902255245e+00 -6.178954552125300870e-01
1.107769423558897071e+00 -1.767847958664376939e+00
1.117794486215538896e+00 -4.590874474494193169e-01
1.127819548872180277e+00 5.962884201732365774e-01
1.137844611528821659e+00 -1.381968360020346953e+00
1.147869674185463484e+00 -3.207914090292354636e+00
1.157894736842105310e+00 -2.671746679985655959e+00
1.167919799498746691e+00 -1.120462163009280587e+00
1.177944862155388073e+00 -1.511049931170926230e+00
1.187969924812029898e+00 6.490084349468614455e-01
1.197994987468671724e+00 -3.852002182441611744e-01
1.208020050125313105e+00 -1.499105844525217002e+00
1.218045112781954487e+00 -1.892020748719008161e+00
1.228070175438596312e+00 -1.606437079634103426e+00
1.238095238095238138e+00 -2.259647030618587848e+00
1.248120300751879519e+00 -2.402137782470766147e+00
1.258145363408520900e+00 -2.641709844388310469e+00
1.268170426065162726e+00 -3.845538384328295312e+00
1.278195488721804551e+00 -4.419993617230854710e+00
1.288220551378445933e+00 -2.683816205669719235e+00
1.298245614035087314e+00 -1.276501987565076712e+00
1.308270676691729140e+00 -1.660832533822312662e+00
1.318295739348370965e+00 -1.469686172648796196e+00
1.328320802005012347e+00 -2.394876653913949216e+00
1.338345864661653728e+00 -1.467024144910259453e+00
1.348370927318295553e+00 -4.304393628782237968e+00
1.358395989974937379e+00 -4.446496521329011742e+00
1.368421052631578760e+00 -3.497565756608530307e+00
1.378446115288220142e+00 -1.401187302545760183e+00
1.388471177944861967e+00 -3.242421120556468583e+00
1.398496240601503793e+00 -2.036404282379212116e+00
1.408521303258145174e+00 -1.224304991963695688e+00
1.418546365914786556e+00 -3.213805404334764138e+00
1.428571428571428381e+00 -1.557169035997254092e+00
1.438596491228070207e+00 -3.554808555571397299e+00
1.448621553884711588e+00 -5.124520502263143484e+00
1.458646616541352969e+00 -2.944600426475417532e+00
1.468671679197994795e+00 -3.545093718181764331e+00
1.478696741854636620e+00 -1.518331017558851581e+00
1.488721804511278002e+00 -4.024249790240071789e+00
1.498746867167919383e+00 -3.295827266517377563e+00
1.508771929824561209e+00 -3.200541158344536452e+00
1.518796992481203034e+00 -3.927799289835337326e+00
1.528822055137844416e+00 -2.104638448915943094e+00
1.538847117794485797e+00 -2.534712744335444246e+00
1.548872180451127623e+00 -2.290150408535116533e+00
1.558897243107769448e+00 -1.074816761126399900e+00
1.568922305764410829e+00 -1.997183855196076108e+00
1.578947368421052211e+00 -2.935001820311962994e+00
1.588972431077694036e+00 -1.688216843265594846e+00
1.598997493734335862e+00 -2.897139395129414652e+00
1.609022556390977243e+00 -2.034446842718643289e+00
1.619047619047618625e+00 -3.544194254848697767e+00
1.629072681704260450e+00 1.754386272681571768e-01
1.639097744360902276e+00 -1.539727341853635245e+00
1.649122807017543657e+00 -1.236440746476128894e+00
1.659147869674185038e+00 2.004991523997361469e-01
1.669172932330826864e+00 -2.971556524301103508e+00
1.679197994987468689e+00 -4.752408128311804703e-01
1.689223057644110071e+00 -2.416739351652552159e+00
1.699248120300751452e+00 -2.389558309894184607e+00
1.709273182957393278e+00 -1.777452436966928229e+00
1.719298245614035103e+00 -1.109485110014165610e-01
1.729323308270676485e+00 -5.154276016155336926e-01
1.739348370927317866e+00 -1.419687689080278092e+00
1.749373433583959692e+00 -8.236003455595091172e-01
1.759398496240601517e+00 -2.123913068610647326e+00
1.769423558897242899e+00 -1.897260711688680379e+00
1.779448621553884280e+00 -2.148466937210560701e+00
1.789473684210526105e+00 -1.417434233138607391e+00
1.799498746867167931e+00 -2.283012671435932894e+00
1.809523809523809312e+00 -2.763176399573897157e+00
1.819548872180450694e+00 -7.975515768092136248e-01
1.829573934837092519e+00 -5.632177818785868428e-01
1.839598997493734345e+00 -3.512024894535143549e+00
1.849624060150375726e+00 -1.528749654045234330e+00
1.859649122807017108e+00 -2.143873535065695890e+00
1.869674185463658933e+00 -3.265939775041701409e+00
1.879699248120300759e+00 -3.441981612328597784e+00
1.889724310776942140e+00 -2.193274757751448423e+00
1.899749373433583521e+00 -2.405213063565665443e+00
1.909774436090225347e+00 -1.137140238215004873e+00
1.919799498746867172e+00 -2.747007514216953883e+00
1.929824561403508554e+00 -4.568473886923428040e+00
1.939849624060149935e+00 -1.884519998936845964e+00
1.949874686716791761e+00 -3.006621044396592612e+00
1.959899749373433586e+00 -1.333331217489101217e+00
1.969924812030074968e+00 -1.351063385776070325e+00
1.979949874686716349e+00 -2.135818419602395934e+00
1.989974937343358175e+00 -4.707276184629045623e+00
2.000000000000000000e+00 -4.521742583321957554e+00
