-2.000000000000000000e+00 -1.091209668333493532e+01
-1.989974937343358397e+00 -1.085789564030635646e+01
-1.979949874686716793e+00 -1.080600805627821437e+01
-1.969924812030075190e+00 -1.075592304637645569e+01
-1.959899749373433586e+00 -1.070712430120406111e+01
-1.949874686716791983e+00 -1.065909338659416150e+01
-1.939849624060150379e+00 -1.061131305702262040e+01
-1.929824561403508776e+00 -1.056327056137920906e+01
-1.919799498746867172e+00 -1.051446091984568199e+01
-1.909774436090225569e+00 -1.046439015081472235e+01
-1.899749373433583965e+00 -1.041257842710501258e+01
-1.889724310776942362e+00 -1.035856314118209909e+01
-1.879699248120300759e+00 -1.030190185967978422e+01
-1.869674185463659155e+00 -1.024217514822837671e+01
-1.859649122807017552e+00 -1.017898924842988428e+01
-1.849624060150375948e+00 -1.011197858977080877e+01
-1.839598997493734345e+00 -1.004080812032418990e+01
-1.829573934837092741e+00 -9.965175441257654754e+00
-1.819548872180451138e+00 -9.884812731425377308e+00
-1.809523809523809534e+00 -9.799488449671363455e+00
-1.799498746867167931e+00 -9.709008803900561091e+00
-1.789473684210526327e+00 -9.613218977473554361e+00
-1.779448621553884724e+00 -9.512004105040801960e+00
-1.769423558897243121e+00 -9.405289991543057226e+00
-1.759398496240601517e+00 -9.293043569755797151e+00
-1.749373433583959914e+00 -9.175273093436210559e+00
-1.739348370927318310e+00 -9.052028064831105780e+00
-1.729323308270676707e+00 -8.923398897011722397e+00
-1.719298245614035103e+00 -8.789516313206245712e+00
-1.709273182957393500e+00 -8.650550486991461341e+00
-1.699248120300751896e+00 -8.506709928870996862e+00
-1.689223057644110293e+00 -8.358240126398007064e+00
-1.679197994987468689e+00 -8.205421946584451121e+00
-1.669172932330827086e+00 -8.048569810867402197e+00
-1.659147869674185483e+00 -7.888029654364900445e+00
-1.649122807017543879e+00 -7.724176682540660366e+00
-1.639097744360902276e+00 -7.557412939699264420e+00
-1.629072681704260672e+00 -7.388164704943225303e+00
-1.619047619047619069e+00 -7.216879732332436959e+00
-1.609022556390977465e+00 -7.044024352988145665e+00
-1.598997493734335862e+00 -6.870080457771054583e+00
-1.588972431077694258e+00 -6.695542379930946808e+00
-1.578947368421052655e+00 -6.520913697768245143e+00
-1.568922305764411051e+00 -6.346703977862173218e+00
-1.558897243107769448e+00 -6.173425479802217453e+00
-1.548872180451127845e+00 -6.001589843607105124e+00
-1.538847117794486241e+00 -5.831704781126807902e+00
-1.528822055137844638e+00 -5.664270792697451817e+00
-1.518796992481203034e+00 -5.499777930156700023e+00
-1.508771929824561431e+00 -5.338702627029114467e+00
-1.498746867167919827e+00 -5.181504616259219986e+00
-1.488721804511278224e+00 -5.028623955307121918e+00
-1.478696741854636620e+00 -4.880478177731404799e+00
-1.468671679197995017e+00 -4.737459589570837792e+00
-1.458646616541353414e+00 -4.599932727905558849e+00
-1.448621553884711810e+00 -4.468231997935829369e+00
-1.438596491228070207e+00 -4.342659503768812712e+00
-1.428571428571428603e+00 -4.223483086858521141e+00
-1.418546365914787000e+00 -4.110934584709182715e+00
-1.408521303258145396e+00 -4.005208321036234587e+00
-1.398496240601503793e+00 -3.906459837091221132e+00
-1.388471177944862189e+00 -3.814804872306486239e+00
-1.378446115288220586e+00 -3.730318600812765339e+00
-1.368421052631578982e+00 -3.653035128737855075e+00
-1.358395989974937379e+00 -3.582947255518059038e+00
-1.348370927318295776e+00 -3.520006500756873713e+00
-1.338345864661654172e+00 -3.464123396458233195e+00
-1.328320802005012569e+00 -3.415168042755647448e+00
-1.318295739348370965e+00 -3.372970923564636347e+00
-1.308270676691729362e+00 -3.337323976914891244e+00
-1.298245614035087758e+00 -3.307981913081349035e+00
-1.288220551378446155e+00 -3.284663772040344654e+00
-1.278195488721804551e+00 -3.267054710238470605e+00
-1.268170426065162948e+00 -3.254808005187574071e+00
-1.258145363408521344e+00 -3.247547264999028460e+00
-1.248120300751879741e+00 -3.244868828652884396e+00
-1.238095238095238138e+00 -3.246344341571363312e+00
-1.228070175438596534e+00 -3.251523489939168954e+00
-1.218045112781954931e+00 -3.259936876192572441e+00
-1.208020050125313327e+00 -3.271099017191676950e+00
-1.197994987468671724e+00 -3.284511445801603813e+00
-1.187969924812030120e+00 -3.299665895943540317e+00
-1.177944862155388517e+00 -3.316047550640000452e+00
-1.167919799498746913e+00 -3.333138332173671614e+00
-1.157894736842105310e+00 -3.350420213208492370e+00
-1.147869674185463706e+00 -3.367378527586851078e+00
-1.137844611528822103e+00 -3.383505259518858832e+00
-1.127819548872180500e+00 -3.398302290018583971e+00
-1.117794486215538896e+00 -3.411284579716964416e+00
-1.107769423558897293e+00 -3.421983267590134936e+00
-1.097744360902255689e+00 -3.429948665682455822e+00
-1.087719298245614086e+00 -3.434753130572145707e+00
-1.077694235588972482e+00 -3.435993793119807016e+00
-1.067669172932330879e+00 -3.433295128951175279e+00
-1.057644110275689275e+00 -3.426311353149307237e+00
-1.047619047619047672e+00 -3.414728623761509763e+00
-1.037593984962406068e+00 -3.398267039955374269e+00
-1.027568922305764465e+00 -3.376682421978443038e+00
-1.017543859649122862e+00 -3.349767861478705644e+00
-1.007518796992481258e+00 -3.317355032219444499e+00
-9.974937343358396546e-01 -3.279315252762248889e+00
-9.874686716791980512e-01 -3.235560294286573324e+00
-9.774436090225564477e-01 -3.186042928352620152e+00
-9.674185463659148443e-01 -3.130757211086169889e+00
-9.573934837092732408e-01 -3.069738501958410914e+00
-9.473684210526316374e-01 -3.003063217040056188e+00
-9.373433583959900339e-01 -2.930848318315986578e+00
-9.273182957393484305e-01 -2.853250542343448437e+00
-9.172932330827068270e-01 -2.770465373212519289e+00
-9.072681704260652236e-01 -2.682725766411332202e+00
-8.972431077694236201e-01 -2.590300631799920872e+00
-8.872180451127820167e-01 -2.493493085445146917e+00
-8.771929824561404132e-01 -2.392638481555096952e+00
-8.671679197994988098e-01 -2.288102237164990616e+00
-8.571428571428572063e-01 -2.180277463558993656e+00
-8.471177944862156028e-01 -2.069582419654747429e+00
-8.370927318295739994e-01 -1.956457803721975086e+00
-8.270676691729323959e-01 -1.841363900845817803e+00
-8.170426065162907925e-01 -1.724777604472933490e+00
-8.070175438596491890e-01 -1.607189331187862003e+00
-7.969924812030075856e-01 -1.489099848553551597e+00
-7.869674185463659821e-01 -1.371017036408825440e+00
-7.769423558897243787e-01 -1.253452602443351438e+00
-7.669172932330827752e-01 -1.136918773164604435e+00
-7.568922305764411718e-01 -1.021924981529522825e+00
-7.468671679197995683e-01 -9.089745725349859251e-01
-7.368421052631579649e-01 -7.985615479458008092e-01
-7.268170426065163614e-01 -6.911673710872747733e-01
-7.167919799498747579e-01 -5.872578522433244963e-01
-7.067669172932331545e-01 -4.872801346828733449e-01
-6.967418546365915510e-01 -3.916598006903953544e-01
-6.867167919799499476e-01 -3.007981162049855328e-01
-6.766917293233083441e-01 -2.150694317812760215e-01
-6.666666666666667407e-01 -1.348187565805687993e-01
-6.566416040100251372e-01 -6.035952098820565603e-02
-6.466165413533835338e-01 8.028457759423124340e-03
-6.365914786967419303e-01 7.010079385991196954e-02
-6.265664160401003269e-01 1.256501234527527822e-01
-6.165413533834587234e-01 1.745074571252740181e-01
-6.065162907268171200e-01 2.165432857217842455e-01
-5.964912280701755165e-01 2.516684323470356199e-01
-5.864661654135339131e-01 2.798346450867557067e-01
-5.764411027568923096e-01 3.010349266348396613e-01
-5.664160401002507061e-01 3.153035987081382885e-01
-5.563909774436091027e-01 3.227161008347397830e-01
-5.463659147869674992e-01 3.233885248092686626e-01
-5.363408521303258958e-01 3.174768878080393431e-01
-5.263157894736842923e-01 3.051761488369673092e-01
-5.162907268170426889e-01 2.867189748351736678e-01
-5.062656641604010854e-01 2.623742643666008845e-01
-4.962406015037594820e-01 2.324454383903428178e-01
-4.862155388471178785e-01 1.972685090977700506e-01
-4.761904761904762751e-01 1.572099392312652777e-01
-4.661654135338346716e-01 1.126643056463086795e-01
-4.561403508771930682e-01 6.405178213711179569e-02
-4.461152882205514647e-01 1.181545770788983152e-02
-4.360902255639098613e-01 -4.358149247026763679e-02
-4.260651629072682578e-01 -1.016587652299350275e-01
-4.160401002506266543e-01 -1.619219976881829948e-01
-4.060150375939850509e-01 -2.238659259127319112e-01
-3.959899749373434474e-01 -2.869776136673913847e-01
-3.859649122807018440e-01 -3.507397304802362115e-01
-3.759398496240602405e-01 -4.146338579608893626e-01
-3.659147869674186371e-01 -4.781438031116768128e-01
-3.558897243107770336e-01 -5.407588973324606307e-01
-3.458646616541354302e-01 -6.019772599109222133e-01
-3.358395989974938267e-01 -6.613090050183869639e-01
-3.258145363408522233e-01 -7.182793715944556512e-01
-3.157894736842106198e-01 -7.724317559994428040e-01
-3.057644110275690164e-01 -8.233306279386838344e-01
-2.957393483709274129e-01 -8.705643109131893098e-01
-2.857142857142858094e-01 -9.137476093220365803e-01
-2.756892230576442060e-01 -9.525242653277136151e-01
-2.656641604010026025e-01 -9.865692296900323566e-01
-2.556390977443609991e-01 -1.015590731970160032e+00
-2.456140350877193956e-01 -1.039332136796104589e+00
-2.355889724310777922e-01 -1.057573574256325477e+00
-2.255639097744361887e-01 -1.070133333940209264e+00
-2.155388471177945853e-01 -1.076869013663569907e+00
-2.055137844611529818e-01 -1.077678415494399689e+00
-1.954887218045113784e-01 -1.072500183318610967e+00
-1.854636591478697749e-01 -1.061314177847065832e+00
-1.754385964912281715e-01 -1.044141586653098086e+00
-1.654135338345865680e-01 -1.021044768533131419e+00
-1.553884711779449646e-01 -9.921268331909479654e-01
-1.453634085213033611e-01 -9.575309589476802552e-01
-1.353383458646617576e-01 -9.174394528637465074e-01
-1.253132832080201542e-01 -8.720725593148984656e-01
-1.152882205513785507e-01 -8.216870246816556644e-01
-1.052631578947369473e-01 -7.665744273792727270e-01
-9.523809523809534383e-02 -7.070592839639272542e-01
-8.521303258145374038e-02 -6.434969434903563545e-01
-7.518796992481213692e-02 -5.762712836574285236e-01
-6.516290726817053347e-02 -5.057922235523761856e-01
-5.513784461152893002e-02 -4.324930689834489139e-01
-4.511278195488732656e-02 -3.568277074669714555e-01
-3.508771929824572311e-02 -2.792676709013225400e-01
-2.506265664160411966e-02 -2.002990848109426625e-01
-1.503759398496251620e-02 -1.204195237726854995e-01
-5.012531328320912749e-03 -4.013479323994995074e-02
5.012531328320690704e-03 4.004434154680554941e-02
1.503759398496207211e-02 1.196054585343983012e-01
2.506265664160389761e-02 1.980377924823751579e-01
3.508771929824572311e-02 2.748355379373336183e-01
4.511278195488710452e-02 3.495011203224167029e-01
5.513784461152848593e-02 4.215484141131873863e-01
6.516290726817031143e-02 4.905058874112699363e-01
7.518796992481213692e-02 5.559196527003363864e-01
8.521303258145351833e-02 6.173564041721346651e-01
9.523809523809489974e-02 6.744062227394349573e-01
1.052631578947367252e-01 7.266852307033712099e-01
1.152882205513785507e-01 7.738380790092038719e-01
1.253132832080199321e-01 8.155402511007530109e-01
1.353383458646613136e-01 8.515001685627670014e-01
1.453634085213031391e-01 8.814610850147268639e-01
1.553884711779449646e-01 9.052027560808794115e-01
1.654135338345863460e-01 9.225428747008058705e-01
1.754385964912277274e-01 9.333382625533745980e-01
1.854636591478695529e-01 9.374858099348039042e-01
1.954887218045113784e-01 9.349231580486691007e-01
2.055137844611527598e-01 9.256291193216370505e-01
2.155388471177941412e-01 9.096238330428457752e-01
2.255639097744359667e-01 8.869686553263819162e-01
2.355889724310777922e-01 8.577657841042535258e-01
2.456140350877191736e-01 8.221576215606481997e-01
2.556390977443605550e-01 7.803258781061787053e-01
2.656641604010023805e-01 7.324904236523827050e-01
2.756892230576442060e-01 6.789078935712545837e-01
2.857142857142855874e-01 6.198700583016295562e-01
2.957393483709269688e-01 5.557019670836935710e-01
3.057644110275687943e-01 4.867598777549552724e-01
3.157894736842106198e-01 4.134289859163401970e-01
3.258145363408520012e-01 3.361209680668411637e-01
3.358395989974933826e-01 2.552713545011197627e-01
3.458646616541352081e-01 1.713367488588577181e-01
3.558897243107770336e-01 8.479191220045741162e-02
3.659147869674184150e-01 -3.873269645402067224e-03
3.759398496240597964e-01 -9.415691596640637928e-02
3.859649122807016219e-01 -1.855483581624213230e-01
3.959899749373434474e-01 -2.775314032357690808e-01
4.060150375939848288e-01 -3.695876327960683216e-01
4.160401002506262103e-01 -4.611997163713983383e-01
4.260651629072680358e-01 -5.518547177255723746e-01
4.360902255639098613e-01 -6.410473729263067577e-01
4.461152882205512427e-01 -7.282833190906685683e-01
4.561403508771926241e-01 -8.130822530512358259e-01
4.661654135338344496e-01 -8.949809996369227916e-01
4.761904761904762751e-01 -9.735364698435103881e-01
4.862155388471176565e-01 -1.048328489876783953e+00
4.962406015037590379e-01 -1.118962482881266540e+00
5.062656641604008634e-01 -1.185071986114578868e+00
5.162907268170426889e-01 -1.246320987385346468e+00
5.263157894736840703e-01 -1.302406065734473373e+00
5.363408521303254517e-01 -1.353058322598020169e+00
5.463659147869672772e-01 -1.398045091036866916e+00
5.563909774436091027e-01 -1.437171412045096908e+00
5.664160401002504841e-01 -1.470281268446393508e+00
5.764411027568918655e-01 -1.497258568446134142e+00
5.864661654135336910e-01 -1.518027872516231280e+00
5.964912280701755165e-01 -1.532554858939833897e+00
6.065162907268168979e-01 -1.540846525023045199e+00
6.165413533834582793e-01 -1.542951122680139342e+00
6.265664160401001048e-01 -1.538957828806363004e+00
6.365914786967419303e-01 -1.528996152557407839e+00
6.466165413533833117e-01 -1.513235083345946697e+00
6.566416040100246931e-01 -1.491881985032486480e+00
6.666666666666665186e-01 -1.465181243419432233e+00
6.766917293233083441e-01 -1.433412675743174436e+00
6.867167919799497255e-01 -1.396889712389057125e+00
6.967418546365911070e-01 -1.355957362518380727e+00
7.067669172932329325e-01 -1.310989976685775327e+00
7.167919799498747579e-01 -1.262388820830337544e+00
7.268170426065161394e-01 -1.210579477236543910e+00
7.368421052631575208e-01 -1.156009089173315907e+00
7.468671679197993463e-01 -1.099143466924566770e+00
7.568922305764411718e-01 -1.040464073815607460e+00
7.669172932330825532e-01 -9.804649116112467144e-01
7.769423558897239346e-01 -9.196493253083619646e-01
7.869674185463657601e-01 -8.585267478638882732e-01
7.969924812030075856e-01 -7.976094057853033714e-01
8.070175438596489670e-01 -7.374090067622782740e-01
8.170426065162903484e-01 -6.784334306336327058e-01
8.270676691729321739e-01 -6.211834449623133692e-01
8.370927318295739994e-01 -5.661494663328614507e-01
8.471177944862153808e-01 -5.138083881919383034e-01
8.571428571428567622e-01 -4.646204956246824946e-01
8.671679197994985877e-01 -4.190264869008141213e-01
8.771929824561404132e-01 -3.774446209379779260e-01
8.872180451127817946e-01 -3.402680090203413221e-01
8.972431077694231760e-01 -3.078620681831216177e-01
9.072681704260650015e-01 -2.805621526344036498e-01
9.172932330827068270e-01 -2.586713784410511474e-01
9.273182957393482084e-01 -2.424586554630985824e-01
9.373433583959895898e-01 -2.321569391886781908e-01
9.473684210526314153e-01 -2.279617137078666089e-01
9.573934837092732408e-01 -2.300297155779117975e-01
9.674185463659146222e-01 -2.384779067836930722e-01
9.774436090225560037e-01 -2.533827033959235586e-01
9.874686716791978291e-01 -2.747794648857939115e-01
9.974937343358396546e-01 -3.026622473790822609e-01
1.007518796992481036e+00 -3.369838224359908985e-01
1.017543859649122417e+00 -3.776559612359743356e-01
1.027568922305764243e+00 -4.245499823406252426e-01
1.037593984962406068e+00 -4.774975595132220363e-01
1.047619047619047450e+00 -5.362917844017545121e-01
1.057644110275688831e+00 -6.006884772537653960e-01
1.067669172932330657e+00 -6.704077372368507648e-01
1.077694235588972482e+00 -7.451357223983122724e-01
1.087719298245613864e+00 -8.245266478212042172e-01
1.097744360902255245e+00 -9.082049891312673484e-01
1.107769423558897071e+00 -9.957678771891053104e-01
1.117794486215538896e+00 -1.086787668572934296e+00
1.127819548872180277e+00 -1.180814675327109375e+00
1.137844611528821659e+00 -1.277380036427770760e+00
1.147869674185463484e+00 -1.375998712505860144e+00
1.157894736842105310e+00 -1.476172584575441205e+00
1.167919799498746691e+00 -1.577393636846621927e+00
1.177944862155388073e+00 -1.679147203161793112e+00
1.187969924812029898e+00 -1.780915256184899320e+00
1.197994987468671724e+00 -1.882179718198623064e+00
1.208020050125313105e+00 -1.982425772225473670e+00
1.218045112781954487e+00 -2.081145152186642200e+00
1.228070175438596312e+00 -2.177839390947255982e+00
1.238095238095238138e+00 -2.272023005367412640e+00
1.248120300751879519e+00 -2.363226597883378854e+00
1.258145363408520900e+00 -2.450999854679864143e+00
1.268170426065162726e+00 -2.534914421179093047e+00
1.278195488721804551e+00 -2.614566636361112195e+00
1.288220551378445933e+00 -2.689580108337289666e+00
1.298245614035087314e+00 -2.759608114619479746e+00
1.308270676691729140e+00 -2.824335811654274941e+00
1.318295739348370965e+00 -2.883482239418008408e+00
1.328320802005012347e+00 -2.936802108185615268e+00
1.338345864661653728e+00 -2.984087355986787315e+00
1.348370927318295553e+00 -3.025168466737048423e+00
1.358395989974937379e+00 -3.059915540569905446e+00
1.368421052631578760e+00 -3.088239109489292034e+00
1.378446115288220142e+00 -3.110090693098705117e+00
1.388471177944861967e+00 -3.125463090834449176e+00
1.398496240601503793e+00 -3.134390408824319962e+00
1.408521303258145174e+00 -3.136947821199053799e+00
1.418546365914786556e+00 -3.133251067390992795e+00
1.428571428571428381e+00 -3.123455688651683992e+00
1.438596491228070207e+00 -3.107756008696561878e+00
1.448621553884711588e+00 -3.086383865029857176e+00
1.458646616541352969e+00 -3.059607099105579486e+00
1.468671679197994795e+00 -3.027727815030893055e+00
1.478696741854636620e+00 -2.991080418006059727e+00
1.488721804511278002e+00 -2.950029445111220117e+00
1.498746867167919383e+00 -2.904967202385138059e+00
1.508771929824561209e+00 -2.856311223386399867e+00
1.518796992481203034e+00 -2.804501565575112654e+00
1.528822055137844416e+00 -2.749997961895799925e+00
1.538847117794485797e+00 -2.693276845873023628e+00
1.548872180451127623e+00 -2.634828269344447360e+00
1.558897243107769448e+00 -2.575152732646197151e+00
1.568922305764410829e+00 -2.514757947628246448e+00
1.578947368421052211e+00 -2.454155554309321641e+00
1.588972431077694036e+00 -2.393857812278903818e+00
1.598997493734335862e+00 -2.334374288116219720e+00
1.609022556390977243e+00 -2.276208560121697477e+00
1.619047619047618625e+00 -2.219854961545116634e+00
1.629072681704260450e+00 -2.165795383247176797e+00
1.639097744360902276e+00 -2.114496156349127354e+00
1.649122807017543657e+00 -2.066405034910865357e+00
1.659147869674185038e+00 -2.021948298034899505e+00
1.669172932330826864e+00 -1.981527990025810482e+00
1.679197994987468689e+00 -1.945519316347315009e+00
1.689223057644110071e+00 -1.914268212117454571e+00
1.699248120300751452e+00 -1.888089098773302332e+00
1.709273182957393278e+00 -1.867262843326817023e+00
1.719298245614035103e+00 -1.852034933331149880e+00
1.729323308270676485e+00 -1.842613879289934697e+00
1.739348370927317866e+00 -1.839169854779952207e+00
1.749373433583959692e+00 -1.841833583029388599e+00
1.759398496240601517e+00 -1.850695477109487452e+00
1.769423558897242899e+00 -1.865805039267050880e+00
1.779448621553884280e+00 -1.887170523259271704e+00
1.789473684210526105e+00 -1.914758861861625139e+00
1.799498746867167931e+00 -1.948495860014868075e+00
1.809523809523809312e+00 -1.988266652369452991e+00
1.819548872180450694e+00 -2.033916422285967585e+00
1.829573934837092519e+00 -2.085251377669360195e+00
1.839598997493734345e+00 -2.142039977363639824e+00
1.849624060150375726e+00 -2.204014400222972014e+00
1.859649122807017108e+00 -2.270872247414987832e+00
1.869674185463658933e+00 -2.342278467012733678e+00
1.879699248120300759e+00 -2.417867488502701612e+00
1.889724310776942140e+00 -2.497245553486903358e+00
1.899749373433583521e+00 -2.579993227595646310e+00
1.909774436090225347e+00 -2.665668077462735930e+00
1.919799498746867172e+00 -2.753807495553719065e+00
1.929824561403508554e+00 -2.843931654687270605e+00
1.939849624060149935e+00 -2.935546573256080816e+00
1.949874686716791761e+00 -3.028147271441904209e+00
1.959899749373433586e+00 -3.121220998134510261e+00
1.969924812030074968e+00 -3.214250507809758517e+00
1.979949874686716349e+00 -3.306717366300786498e+00
1.989974937343358175e+00 -3.398105264210573573e+00
2.000000000000000000e+00 -3.487903316665065034e+00
