7.846464463867169892e-02
7.722399420221690014e-02
1.261586639481689920e-01
1.493663560436269966e-01
1.231026883474179989e-01
2.057131115668849874e-01
2.020608045851779999e-01
1.072619627776929957e-01
9.799420433901590011e-02
1.060536739890260011e-01
1.688672765934239872e-01
1.485800286531749892e-01
3.383355428118110103e-02
2.709152222033670010e-02
1.712276434398309899e-01
1.026926229081740055e-01
3.953385431728830002e-02
9.759714516145000240e-02
5.551963886993940139e-02
1.775393377949910090e-01
7.773780826697700153e-02
1.584124579669609900e-01
1.630369509692619900e-01
1.684485063839739893e-01
1.425496271723049879e-01
1.161987432720310021e-01
1.656701149346530011e-01
1.384126483520569939e-01
2.196057751053370061e-02
3.510775531911569658e-02
1.468806274912450027e-01
5.178035402955399880e-02
1.512200630661490047e-02
4.750203210240089985e-02
8.767047388562329568e-02
1.204944145731390026e-01
1.682888078433069923e-01
1.065261125600960035e-01
1.160274742127109932e-01
3.564762502973339853e-02
1.669804987864980106e-01
1.228527023044899968e-01
1.043101844838840025e-01
1.206288534376530053e-01
1.884034260794870130e-01
9.562667044418890483e-02
2.514121219779530056e-02
1.323834308672789950e-01
4.604830602606559825e-02
3.364366726777039823e-02
1.218996350732699935e-01
1.395566989713319939e-01
2.088436771909339962e-01
1.156486088244390031e-01
2.022992610054079876e-01
8.119209484157939583e-02
1.579382739175939909e-01
5.906260916456339966e-02
8.132138459187429613e-02
1.495379567635790052e-01
5.411292902864729693e-02
1.616477328898880128e-01
2.989681803585619857e-02
8.406270826599379631e-02
1.258827244575250019e-02
8.055067653307680653e-02
1.570310160523910037e-01
7.669020125614750549e-02
1.770485672654099896e-01
6.882635309520289402e-02
1.823633906048829911e-02
1.794863830838399898e-01
3.019532383994389876e-02
4.053103673057580070e-02
1.552298064953619994e-01
1.371878510717559896e-01
1.541598696938289992e-01
5.475518603402589751e-02
1.548218842506079995e-01
1.985817588886280155e-02
1.165906175404649997e-01
1.559907588064579909e-01
1.792082929155190130e-01
4.604121061402870196e-02
4.779121696677309655e-02
2.170838095329480008e-02
1.209299254289459974e-01
6.037242723470440109e-02
1.315622897664240065e-01
3.257664609907520020e-02
1.188116798025510013e-01
1.941974360412329972e-02
1.033959055398720045e-01
1.045736931273320014e-01
1.643542552607679952e-01
1.709431207570490108e-01
1.649332145416020079e-01
5.378004914190020330e-02
1.302928307616859904e-01
1.344018645424659986e-01
5.941024793994689746e-02
1.357186301439050058e-01
1.018806481170800027e-01
2.614471238517939930e-02
1.152976806277949962e-01
1.088775837808710067e-01
1.571524590299920032e-01
1.490804239435530032e-01
8.899528755801390523e-02
1.048246661935629959e-01
1.586923117855900123e-01
6.077179616446019839e-02
2.047118986723469869e-01
1.580733835690920075e-01
1.045267566509889973e-01
9.537547907936480551e-02
8.351402141647089328e-02
1.690945814125429936e-01
1.492354081008230027e-01
1.858577562308260100e-01
1.343240344391909979e-01
1.237966488230559936e-01
1.836188796703910053e-01
1.234095458504780030e-01
1.821322299697450131e-01
2.147028843872600123e-01
2.681347670827610025e-02
7.206056119653099501e-02
8.972789799547420397e-02
1.290971806240640007e-01
1.970660002615690076e-01
9.934846071393170497e-02
9.283464087783240004e-02
6.675646581278270320e-02
2.445963207261269909e-02
1.874478038843669925e-01
1.948225272603789915e-01
1.985854744628229862e-01
1.098527426901279996e-01
2.932668888706660079e-02
1.548404560058150026e-01
9.805536594283119356e-02
1.577753194884849997e-01
1.473678460509139920e-01
1.142821675322539948e-01
1.012384859711230045e-01
1.350179008451909968e-01
2.109875235041349939e-01
1.115396624930990038e-01
7.617673802162429342e-02
8.644063714467080384e-02
1.781372058346369913e-01
9.668688571878629456e-02
1.129927434800330061e-01
1.258029722321180044e-01
5.246456744203129713e-02
1.487113985124760007e-01
1.490803295990349997e-01
1.632845200254930129e-01
5.601032657736249726e-02
1.435464342513420033e-01
1.081035593830050046e-01
1.564834790321399938e-01
7.725538326322399507e-02
1.318405564386589957e-01
1.801225402802290043e-01
6.338138375606730546e-02
2.088157410102149947e-01
8.990074593966650152e-02
9.056544269827219995e-02
1.957940146297199868e-01
1.718643352834069993e-01
1.311990451857840134e-01
3.876761387959710287e-02
2.174707207415630117e-01
9.756526594857829748e-02
9.544789754435359375e-02
2.172428276134540093e-01
9.641197021290340285e-02
2.347448858355870027e-01
2.114471051128790080e-01
5.138459130448230078e-02
1.247519367691369979e-01
8.670556673028040340e-02
8.418931660182819854e-02
8.487846280131700061e-02
2.138532309445790036e-01
9.716728034919780432e-02
1.440472649335459987e-01
6.125731781775400203e-02
1.599758855668869939e-01
1.933390980797710101e-01
1.575264786261869887e-01
6.248555156576900138e-02
1.836294682833629899e-01
1.850884854550899905e-01
6.002997323042390254e-02
1.160863051323040018e-01
1.849412741180780084e-01
1.289365413711890118e-01
1.989921116541900070e-01
1.000919993442579981e-01
9.960208238080499321e-02
1.664627899519459941e-01
1.152515446589249953e-01
2.374011835340459897e-01
1.494436494229229861e-01
2.280424232179910082e-01
1.597024135121559996e-01
1.868161340335199871e-01
2.449474323824329947e-01
2.221043158309859988e-01
2.194469530910760080e-01
2.018382141874109914e-01
2.383916976253959985e-01
9.809639880009210500e-02
1.911181809140219956e-01
2.120632966807829978e-01
2.116893527890439941e-01
1.064409184680800008e-01
8.238151125518500262e-02
1.776229413491670073e-01
2.094664287455579865e-01
1.447052972495639911e-01
1.500329591335239909e-01
2.324164964996409954e-01
2.789332374962020245e-01
2.467524252677089913e-01
2.723053351770179931e-01
1.212246683720390045e-01
1.886987427154120101e-01
1.203483112934549959e-01
1.295286484364789881e-01
2.189905560572590060e-01
2.098251806797850061e-01
1.295761194356750134e-01
1.456543046892979920e-01
3.103258540429780221e-01
1.815623702463259881e-01
3.084494031524039892e-01
1.455592029250860064e-01
1.891728510847620059e-01
3.053388676268060098e-01
1.865103176905689997e-01
1.901419517754069921e-01
2.475496312150209932e-01
3.391976639833699791e-01
2.246812642992170039e-01
2.299906639390129903e-01
1.852279742132280083e-01
2.225697552180969929e-01
3.693386384159749736e-01
2.518888106123650106e-01
2.879912959094800273e-01
3.867527039713860026e-01
2.186360120740120094e-01
3.540186995824110006e-01
2.644493850093659892e-01
3.663237562192560026e-01
3.854606871411859759e-01
2.894394005357789901e-01
4.018545695793490080e-01
3.209849471660329856e-01
2.964986149034959939e-01
2.812634397064470160e-01
3.487131711720570237e-01
3.781021355021830233e-01
4.099352337191760065e-01
3.205868244899520159e-01
4.892146771678079764e-01
4.168959159067510134e-01
5.123619391005900248e-01
4.157228651466050029e-01
3.965108663124690125e-01
5.736771488687489873e-01
5.449007217702009909e-01
4.282651892219920264e-01
4.451279996990770149e-01
5.308996836767779781e-01
4.806467373861310066e-01
5.142907837473780219e-01
5.168485850805260018e-01
5.382470274568740276e-01
6.418968324975650175e-01
5.770109795223570259e-01
6.746127701874979898e-01
6.597210936918219693e-01
6.616770689396159755e-01
7.603665973923789956e-01
7.161550773218029464e-01
8.722626964558769513e-01
7.555317549781680464e-01
8.309479983277000548e-01
8.837812004769559637e-01
8.454521824139370478e-01
1.001238425413859989e+00
9.446313179182620479e-01
9.920165868548289634e-01
1.062762556132929914e+00
9.243509887444959494e-01
9.440340457410639763e-01
1.096012720109039940e+00
1.092579506094609965e+00
1.067674501567910106e+00
1.144851491736569971e+00
1.019817958558409954e+00
1.192303671138380095e+00
1.018444407922489914e+00
1.026453940174459900e+00
1.194249832894300090e+00
1.061999214406470049e+00
1.043274854897040083e+00
9.858595682185019582e-01
1.007876513471990032e+00
1.082746555469459970e+00
9.947357886424169626e-01
9.871576994479529521e-01
1.002343653117780065e+00
9.170366964227929518e-01
9.222536792753299739e-01
9.291501005764190024e-01
9.429963060251039808e-01
8.820719105206860089e-01
8.082681863841939540e-01
8.453437997408029814e-01
7.256974068144269596e-01
8.138388762111909980e-01
7.276923676070859992e-01
7.984695286367089473e-01
6.945159392825780431e-01
7.586837162350129615e-01
5.501337371599680504e-01
6.563661897174210003e-01
6.629510999812310290e-01
6.183242183622259525e-01
5.064720232843999970e-01
5.350442993033489580e-01
5.759756881339479495e-01
5.995865449362509647e-01
5.207004718779859598e-01
4.322400373165620202e-01
4.945510378373539906e-01
4.220370150047190183e-01
4.222755838953249907e-01
4.232124681363599872e-01
3.867905421667769961e-01
4.336905853238550157e-01
4.077132313425479992e-01
4.465321680628669965e-01
3.431725236616740005e-01
4.585679992546449757e-01
3.595992209908610016e-01
3.955842911002570017e-01
3.164228572207539725e-01
3.385655031642120227e-01
3.931076964604510171e-01
2.540701583721309831e-01
3.677765036788899766e-01
2.711685056018470208e-01
2.455383729366329981e-01
2.086923048262130098e-01
3.548567745989920086e-01
2.718269511158110108e-01
3.442955833614679828e-01
2.716987519236649939e-01
3.227895331122109801e-01
1.944910340836069895e-01
3.613739393068309824e-01
2.711761803522019787e-01
3.236726939641479950e-01
2.254768842066449952e-01
2.217485010027510084e-01
1.753639461703060121e-01
3.351001543412859829e-01
1.607010383290420064e-01
3.102876297221309754e-01
2.584422936339499932e-01
2.287346553280160122e-01
2.956921303082979957e-01
2.253716219428759937e-01
2.972143625150330259e-01
1.359415789180550005e-01
1.573117453029949930e-01
1.245265902792880020e-01
1.894144761102289909e-01
1.467860612778359997e-01
2.979452021149340268e-01
1.706116567580429899e-01
2.352534390597240122e-01
1.361830198555900040e-01
2.334551312792050026e-01
1.437327496869469923e-01
2.747039007747910100e-01
2.806929138327760032e-01
2.329018608037239924e-01
1.691842156113149975e-01
1.444777494699600040e-01
2.063598417633880078e-01
2.302645566836510060e-01
1.565513414425259986e-01
1.036964798542859972e-01
2.281512117648580029e-01
2.534089529130950091e-01
2.521446953284109949e-01
2.314221381637319996e-01
1.266819700838459906e-01
1.718877418974079918e-01
1.081561467485240013e-01
1.924476990485050054e-01
1.131400702921499940e-01
2.061207555095639909e-01
1.507432684468540118e-01
1.560807195351160137e-01
1.394494060469519958e-01
1.946487932853530056e-01
1.748927770928810077e-01
2.406924503986989927e-01
2.364227354122490077e-01
1.686623683461309919e-01
2.371462169429139899e-01
1.804365583495949887e-01
1.425762927858570117e-01
2.089162781999369944e-01
2.632049421173039971e-01
1.332636926986499881e-01
2.032116007881450137e-01
8.986533674084649925e-02
2.619342213037200162e-01
1.740786233758729873e-01
1.580258667103479897e-01
1.185115694449399987e-01
2.089977793607029899e-01
9.850382161238670220e-02
1.394824725509160035e-01
9.644850747433320048e-02
8.674063495720339689e-02
2.533229482076629901e-01
9.523209434285019592e-02
1.161888565065939960e-01
1.711598527151459992e-01
1.431748063188519882e-01
6.591289789388500575e-02
2.134038976734430049e-01
1.235842912102240038e-01
1.638962089059479987e-01
1.995358901580480127e-01
1.108643160330060051e-01
2.494106786262799969e-01
1.936762826660949899e-01
9.643587151647739497e-02
1.022253799988119966e-01
2.289365955542680131e-01
7.611835345506980099e-02
1.359962436493180049e-01
1.104514777205549969e-01
2.634090742223920145e-01
2.411536613289829989e-01
2.474820037123260097e-01
2.236789522486659909e-01
1.322681730017770119e-01
1.128007117653500035e-01
2.160671475451350076e-01
1.906456533131629938e-01
7.501643426734840026e-02
1.736309924137179883e-01
8.633613620061030003e-02
2.342382103995599985e-01
2.406620260389130128e-01
9.116452876462760591e-02
1.062090613998459970e-01
1.471553258700080136e-01
2.803644388608250160e-01
1.000836268847459937e-01
1.573295648456720097e-01
1.655765437105869986e-01
2.555756129257050202e-01
1.041462817274489971e-01
1.397903244667260125e-01
2.488664358643709884e-01
2.945556535803899867e-01
2.095984372006720053e-01
2.479514999127180042e-01
1.806361492692890036e-01
1.527358975879420100e-01
2.840229775041919758e-01
2.760385971205789879e-01
2.071049278550350092e-01
3.417909119331249967e-01
3.098293392514570033e-01
1.811428821315420046e-01
2.533348603031370105e-01
1.992688250980869935e-01
2.504588035170740024e-01
2.250332090533289919e-01
4.085706985148069847e-01
4.359766476807440116e-01
2.647197366515779970e-01
3.926483986070110066e-01
4.036043832042249813e-01
4.405934349001560113e-01
3.416193449708609942e-01
4.243136215195040251e-01
4.423329754522479784e-01
5.634967158175899771e-01
4.408651990702450174e-01
5.039411143000960269e-01
5.246037020315930111e-01
5.124471420268299493e-01
4.989858791992790032e-01
6.881671946339780188e-01
5.818555377981620147e-01
6.224854657481380116e-01
6.200340197438689582e-01
5.341217238911130094e-01
5.934044493743929616e-01
5.643443188440829816e-01
5.805644208856559629e-01
5.363665883129099532e-01
5.350039321819709537e-01
5.077900417613350204e-01
4.570664813456090103e-01
4.483336661471929996e-01
4.719269949817530008e-01
3.832319148076849813e-01
4.726645398172770185e-01
3.759749928488880233e-01
4.646072759456230106e-01
3.889935904055299987e-01
3.872790308791440039e-01
4.310624795059240233e-01
2.735251912397739793e-01
4.090232712585269992e-01
2.474865969622800088e-01
3.525437863378729775e-01
3.587305510449260160e-01
3.653827279742620227e-01
3.251150577539290154e-01
2.861050686897769757e-01
2.728687244408209978e-01
3.041473591836669765e-01
1.543852710545139950e-01
3.174445227580939832e-01
1.836539608516880029e-01
1.847367906976299934e-01
2.796877126160229876e-01
1.806145175507589962e-01
2.237075580773890127e-01
2.540648325982879929e-01
1.489039194206590033e-01
2.631848586980770066e-01
2.434444276669310014e-01
1.775747491771000053e-01
2.302217151903500070e-01
1.066438029975179946e-01
2.709821470857409764e-01
2.616097790639789755e-01
1.118395692164580041e-01
2.048279954993920127e-01
1.517603473575180051e-01
1.381867656419260015e-01
1.128871709705590032e-01
1.651590671357260065e-01
6.947773021773059887e-02
1.146313918491369960e-01
2.214868623264960035e-01
1.020114224757729948e-01
1.888140806322660126e-01
1.540698995522359893e-01
1.467717302269740121e-01
2.287456862864560014e-01
5.271146941223699839e-02
1.093257046350829959e-01
2.050247653968320094e-01
2.105792317666040081e-01
2.195885527801499926e-01
1.408819374512889910e-01
1.057727459889330063e-01
2.043409724736250099e-01
8.942261416698399357e-02
1.758219046329820012e-01
2.377577408805879866e-01
2.147672300191630079e-01
5.232215514590170258e-02
1.603635701248529999e-01
2.065209424581919972e-01
6.921176072861949524e-02
9.885096952532619607e-02
2.106516737798080074e-01
2.275123742901850044e-01
1.071204461553650067e-01
1.291082629205269894e-01
5.671176638699779865e-02
1.506622708279889977e-01
1.341022895861370134e-01
8.902190351477959340e-02
3.958893381079330032e-02
6.449168313624610571e-02
3.715462403978710137e-02
8.004239608646619708e-02
1.426671458302539996e-01
3.695682430422850273e-02
6.383727641750749915e-02
2.224548572389219991e-01
1.857198191957679934e-01
1.370342802185839925e-01
1.651977204139639943e-01
9.805791665312610372e-02
2.246395139213860082e-01
1.308709569958499963e-01
4.912769062522909930e-02
1.411337982548450110e-01
6.038001457991949705e-02
2.259650970498099931e-01
1.438144487180310072e-01
3.579481801294220195e-02
7.948246502004929770e-02
1.889211691644349933e-01
6.380554210530729742e-02
5.992152093961070070e-02
2.138318856236050003e-01
1.007527484330949935e-01
2.081920317653810082e-01
9.135510086719819678e-02
4.830705528587340286e-02
4.724279385625689692e-02
2.112848741395879915e-01
5.651764683057430155e-02
2.314524754502980119e-01
1.092944206632440046e-01
1.782305767757149939e-01
1.626900293271550113e-01
6.290262774408070245e-02
2.122873550282869948e-01
5.434671633684849679e-02
1.454397501393270009e-01
1.172418636702299982e-01
2.302678029770610091e-01
1.263672641238549887e-01
3.754310703778399733e-02
2.312583022917890085e-01
2.159253590120099875e-01
1.151282019979189969e-01
7.029520068502040364e-02
2.241945072524099969e-01
2.220126398299230031e-01
1.373015814346719987e-01
1.393493943072399988e-01
1.293029059103079914e-01
2.014469168561819901e-01
4.473191701938550313e-02
1.799793842982909953e-01
1.848396589567929960e-01
2.096692746172739985e-01
1.454130170886800133e-01
8.338440665868300516e-02
3.672815604104470028e-02
1.882203197308590092e-01
1.233900549748210007e-01
2.282484419465440062e-01
1.838186702104009917e-01
1.455654223687760096e-01
2.200575068722830097e-01
1.838188493270379864e-01
1.206983006466259972e-01
1.709943570326580009e-01
1.421391145383149868e-01
1.004405413824250026e-01
1.937140642394520051e-01
1.617578291801239909e-01
5.336053427195080329e-02
8.857868179702109435e-02
6.109009324905090299e-02
2.433860625378760079e-01
1.678009465188819993e-01
6.891390111803050167e-02
1.082401171215460062e-01
8.772385791661470311e-02
1.280825537093210065e-01
1.029760943308360016e-01
1.551823611521500057e-01
1.015930274918070003e-01
2.014725179566380087e-01
2.383636149401240079e-01
8.406209926240799934e-02
1.444714629961700025e-01
1.201986036019360021e-01
6.305157019040109889e-02
1.992554439047500014e-01
2.101070538622409889e-01
2.180471084877929899e-01
6.445364450854759730e-02
1.101258427841380061e-01
2.536700265766920204e-01
1.920022346045819894e-01
1.698651031724079941e-01
2.318822394680959964e-01
8.578375882141310582e-02
1.634660643067309960e-01
2.050644427991170082e-01
7.420553117512189434e-02
2.344096763775110059e-01
2.157797907059209874e-01
2.497190401535490101e-01
2.638463422730870089e-01
8.696928161188489936e-02
2.690202337480330219e-01
9.748365345329999820e-02
1.065349622716900008e-01
2.541988572924350209e-01
1.681016017365130066e-01
1.489459339008600003e-01
1.191349198690710015e-01
2.155566482785719884e-01
2.305811386608029867e-01
2.829228269628040193e-01
1.664613958403239891e-01
2.787094331242149781e-01
1.225341219966540052e-01
1.645021526642899967e-01
2.015364617090600052e-01
2.668509442308690249e-01
1.999034434121479964e-01
1.961452977082130122e-01
1.502286969556060059e-01
1.815805849424370066e-01
3.206853337694560158e-01
2.471299108614410101e-01
3.021275357228579983e-01
3.280605705565299846e-01
3.562641403942419793e-01
3.179019126125099959e-01
3.239376261958730185e-01
3.678654897371699817e-01
2.488088935252300016e-01
2.634330874743809892e-01
4.232544891604450021e-01
4.185968190436979985e-01
2.823289674845450015e-01
3.935614008293170096e-01
4.414893063785639837e-01
3.730046247055590070e-01
4.557793206053309953e-01
4.662533639569870214e-01
3.270815795474950050e-01
4.721664337931479882e-01
4.204848730366109733e-01
3.924270788568319790e-01
4.703167254062630143e-01
6.110597337541679996e-01
1.000000000000000000e+01
4.731354151785039930e-01
5.075305239199709995e-01
6.979522861949659651e-01
6.455420911708490417e-01
6.035305917046830393e-01
7.344293708184920222e-01
7.498823836320720471e-01
6.527477968726730362e-01
6.521727597063059489e-01
7.129039812067180515e-01
7.395649984398040555e-01
7.614783353650239617e-01
8.967410113781829617e-01
7.645488210695560172e-01
9.031406279687209659e-01
8.097283655908880107e-01
8.354702861564999861e-01
9.947800745164050440e-01
8.145331260650729988e-01
8.036989621520560512e-01
8.763053390859759650e-01
9.567694715815739936e-01
9.202016641847600154e-01
8.204987513642729713e-01
7.739168571492229809e-01
8.654334023283369870e-01
8.659140782934040548e-01
8.626439080182709551e-01
7.905903300472499895e-01
6.913991343694090297e-01
7.364906178813890314e-01
6.234450372696870302e-01
6.009101897632880274e-01
6.826893657745479738e-01
6.209679085759259864e-01
5.254980678525800197e-01
5.113532293829360365e-01
6.280586071689450156e-01
4.195411328791919803e-01
5.311162622867680039e-01
4.670123462692040150e-01
5.169142475120800384e-01
3.440640388052609855e-01
5.033954331697689799e-01
4.610790751386559805e-01
3.632554324367089915e-01
3.545125893163090236e-01
3.111056231922920134e-01
2.684295128734560110e-01
3.208680935884999919e-01
2.519383464801719930e-01
2.268414339181409889e-01
3.637150403539449739e-01
3.658223624224389847e-01
2.984883429198850191e-01
3.912530206440579805e-01
3.612710206989189765e-01
3.353893361064599898e-01
2.369554444183190056e-01
1.656260738657210074e-01
2.246036429737290063e-01
3.344786149405590270e-01
2.348222067773360067e-01
2.456383018293790133e-01
2.498865719781930006e-01
2.635549629631879776e-01
1.887667646318219872e-01
1.730806944840899975e-01
1.947148521075610095e-01
2.225292468984869931e-01
1.162915858392000040e-01
1.105667193594030012e-01
2.577354055631180252e-01
2.131460097537569987e-01
1.728688663214250076e-01
1.052264793872400017e-01
1.737639007925519952e-01
1.055651834645729981e-01
1.634337079027119999e-01
1.907684095436870120e-01
2.278125113960219883e-01
2.260649586892569951e-01
8.404833372804680625e-02
2.484321796617519895e-01
2.697259470659340019e-01
1.264784832951549864e-01
9.918970824557170329e-02
1.211957192072359996e-01
2.041768936457500072e-01
1.720047043603460113e-01
2.258810632303830113e-01
9.882320660559870684e-02
1.974322908768909868e-01
1.630365026155810027e-01
1.245620915422720049e-01
7.704645056928899338e-02
1.210306960121349945e-01
1.795314044672909892e-01
1.512840908799339967e-01
1.948271756360860085e-01
2.351515343949119874e-01
1.635667315220949991e-01
5.835772191956369731e-02
7.821268330238040356e-02
1.524443949142590127e-01
9.700081918688159555e-02
1.900505759677300066e-01
1.206223595359439960e-01
6.865312860016689611e-02
1.370343020263639910e-01
6.565508460742949803e-02
2.352529208876590061e-01
1.363617969127429996e-01
1.085326441959619942e-01
1.295441938990830044e-01
1.685129281631400078e-01
8.610939640900870662e-02
4.396155554428769763e-02
1.715542649993989921e-01
1.265640609971279973e-01
1.726331619570740106e-01
1.428701368904609914e-01
8.403441672097070048e-02
1.079315335673869947e-01
2.143490830969509986e-01
6.601547833303550439e-02
1.118504391075629961e-01
1.581872154185360035e-01
1.800191141924110116e-01
1.294040099663920085e-01
1.659878591687720117e-01
1.367191869153339956e-01
8.625844099309989965e-02
5.785847104102610078e-02
3.717519854829690051e-02
9.850562182479749573e-02
7.084875374380400492e-02
2.130222416148579989e-01
2.149477469749229985e-01
1.696563958705359920e-01
1.377225751638689877e-01
1.248715315238600049e-01
3.418613216033689756e-02
1.989225941165559952e-01
9.622379556770660480e-02
2.151553016466420110e-01
1.756384202897419977e-01
1.317576806946139933e-01
1.225555235421809941e-01
9.902579298679280162e-02
1.161753597679879985e-01
1.429249573615410107e-01
1.184152053175960007e-01
1.423831570899830035e-01
1.964744230471660025e-01
1.508072907669230078e-01
1.239192109521859986e-01
1.583271026484419919e-01
1.480556428427750038e-01
1.166856170921130031e-01
4.051809952343739946e-02
6.381780020591119873e-02
1.954596866759560070e-01
1.947028122794569882e-01
1.776076034507459989e-01
1.666416842151370037e-01
9.026303349343869908e-02
9.071152521316010187e-02
2.047726733428260060e-01
1.688448463321770010e-01
1.792049026367399933e-01
2.428513696378320139e-02
1.670419804502330102e-02
9.651419804784419632e-02
1.725210571711829899e-01
8.105618697033430131e-02
9.338564422729779546e-02
7.529409406027430529e-02
1.023268336839869980e-01
1.611662542044529911e-01
9.116931053901540516e-02
1.902677609868010100e-01
2.001429164608189981e-01
2.104609641995169866e-02
2.798036090699389938e-02
1.781461032251699939e-01
1.050607358749320042e-01
3.162151968712900024e-02
6.644137805317650025e-02
1.596258234725619896e-01
7.946964563870599629e-02
1.497044118490890030e-01
1.881674996923199950e-01
9.547829078369969580e-02
1.432654386312330053e-01
3.370361818236679990e-02
1.037566021387510001e-01
6.006763136593269714e-02
1.979581933711279870e-02
5.987909335045669967e-02
1.923263499317640068e-01
1.881877284812659978e-01
2.091902828638060041e-01
1.221493226127910031e-01
8.538576102978960580e-02
1.635573023702469875e-01
1.868410339346329996e-01
1.606817447494300055e-01
1.142824054879739981e-01
7.856127147380570497e-02
2.107998568532249983e-01
1.221373666511390010e-01
3.015896239376689852e-02
3.956988462503430171e-02
1.881680914673160010e-01
1.278076764397529930e-01
1.810994026574569982e-01
5.034469447905649819e-02
1.689415288840569879e-02
1.890688447984389953e-01
2.088657839108540026e-01
2.472858495299850093e-02
9.210776955337600380e-02
1.369744290748690085e-01
1.604568429349099989e-01
1.372611824180700046e-01
1.051458307399480013e-01
2.757436852784169931e-02
2.022972251115910114e-01
1.455418975326970010e-01
7.252601169033509598e-02
2.011082058255070082e-01
2.793694299724309993e-02
1.300999721393439890e-01
1.162093803212150001e-01
1.815359342722880076e-01
1.141256927862879939e-01
7.978673388992370274e-02
9.350973551848980325e-02
1.515420911575360019e-01
1.293160010131820005e-02
8.182384579224100118e-02
1.359108154101039967e-01
6.303949449455209519e-02
1.959394973636529869e-01
3.497595566939810247e-02
6.998147376973419542e-02
8.636431781856529141e-03
3.883071587622170112e-02
1.115380144487250064e-01
1.513737698818450050e-01
1.621721048587609904e-01
9.593534274497840519e-02
2.557151531874070002e-02
1.868307398189330004e-01
1.597195941126489938e-01
1.494305572294090112e-01
3.892331649359830059e-02
6.665367901153139429e-02
1.995188506808439899e-01
1.765034754952340135e-01
1.171185019461449955e-01
3.647356889670780311e-02
7.622324772112969681e-03
1.013204301042630040e-01
2.005761653039890013e-01
1.405149020168930118e-01
1.470825242864690074e-01
1.841691213894869894e-01
1.863002666516369865e-01
1.733111963258079924e-01
5.728952530429139850e-02
1.167938788698270058e-01
6.731177066407099951e-02
2.188344702618339951e-02
