-4.454886821563060484e-01
1.547816617172087295e+00
3.595001637826970020e-01
1.196557822992425413e+00
-1.918790211946205027e+00
-7.701430898920221813e-01
-1.384295622190014452e+00
-1.874491113282922727e+00
1.088944201998544914e+00
5.879922415703829897e-01
-1.845896859730988826e+00
1.364161949503554405e+00
-6.352609942279948685e-01
2.547370339028002473e+00
-2.104144311196045614e+00
-1.283686063300157221e+00
1.826339770427085341e-01
1.152961994272423851e+00
1.006091520324008171e+00
9.140141288971447286e-01
1.145912322200083544e+00
4.094516124180744399e+00
-5.228194430355135314e-01
-1.073047643460492306e+00
1.684106164296536257e+00
2.482911831763797705e-01
9.471993160626028807e-01
8.851624827844276622e-01
2.972225612571464670e-01
-6.056349909630847073e-01
9.367427730849555712e-01
-1.292208458076793132e-01
-1.181552990045957152e+00
-1.190245884367574725e+00
-2.648915811666801082e-02
-6.640343793785065118e-01
5.670217353409019445e-01
-5.972161402831025478e-01
-4.470481800931570548e-01
-7.066583343178042265e-01
-7.746226043671107231e-01
1.766807525894024566e+00
5.850017614785121278e-01
1.410384558136687172e+00
-1.577565936438701799e-01
-5.953423900967284021e-01
-9.245357990031375373e-01
3.254321963240348198e-02
1.521514248611562370e-01
-1.715380579348719126e+00
