1.189194332595991632e+01
7.274296482242219142e+00
1.096975798676191260e+01
3.197057463846673997e+00
1.301257133579680136e+01
3.861114639167824159e+00
1.002050831252909013e+01
9.519089319375234837e+00
6.772072485708195089e+00
2.148727757995566634e+01
7.608708322374623911e+00
1.188982797414302972e+01
1.438382447203424519e+01
5.139324795631141640e+00
1.536942548575192546e+01
9.511400849326708595e+00
1.405006190790869169e+01
6.344523413176526461e+00
5.881879170502004150e+00
1.483918579852674746e+01
1.200748921511613254e+01
1.055538470862493483e+01
1.256304445336668607e+01
1.210933066044264628e+01
5.382559059133247281e+00
1.146666082412707510e+00
3.272973958419489904e+00
2.847622995751367014e+00
1.125860219874395440e+00
7.410276879337607703e+00
7.886382716742552645e+00
9.843163300685015216e+00
1.085990379366300473e+01
8.462564789785984587e+00
8.984383687632456983e+00
1.029300829841576714e+01
6.011184650301293786e+00
7.144574849573146480e+00
1.014166538456192690e+01
7.288218539509186300e+00
7.712475753653959210e+00
9.576550738670659868e+00
1.534332535468707448e+01
1.127466115206454234e+01
8.649618999799853825e+00
7.658926887970371133e+00
9.540320236840981849e+00
1.896727117758093328e+01
-2.589666086175920867e+00
1.214054357312046584e+01
