1.144828770348101710e+00
9.881264610683273553e-01
9.870397894075149114e-01
9.149759020591576864e-01
9.316757195926563817e-01
1.139851721122345563e+00
7.849020654603663383e-01
1.193678661623344128e+00
6.512721895109980785e-01
9.833640566544815664e-01
5.624118607960658656e-01
1.015146957541245509e+00
1.002388192373737885e+00
1.120948933082074106e+00
1.190092487295120849e+00
9.157956210283487719e-01
1.017321412843494643e+00
1.171229674164610435e+00
9.942630078954687312e-01
8.545669479171625893e-01
8.528839379696180334e-01
8.372865853769633215e-01
1.211146312474768560e+00
8.969728679958478557e-01
1.196160529268597728e+00
1.117376548437961858e+00
1.026180429245811210e+00
3.857214338349122529e-01
1.149216430131250855e+00
1.166852782795062327e+00
4.254067917513251196e-01
1.004908154710156154e+00
8.868395255669505595e-01
9.836279621449033339e-01
9.903851720763519051e-01
9.853647155732692120e-01
8.489562443352085541e-01
6.456412643424794817e-01
1.082956284539960068e+00
1.159014855246164544e+00
7.749005292020983982e-01
7.863864328270168125e-01
8.829788660740078843e-01
8.954671577322671494e-01
1.137335429061820058e+00
7.803693083355650595e-01
9.032416933156787175e-01
1.007203701429132625e+00
9.459984492975139769e-01
8.605824832951726178e-01
